1 -1 1 -1 1 -1 17 -1 6 -1 6 -1 6 -1 17 -1 1 -1 17 -1 4 -1 12 -1 1 -1 4 -1 1 -1 1 -1 1 -1 11 -1 4 -1 4 -1 4 -1 1 -1 13 -1 4 -1 13 -1 7 -1 4 -1 13 -1 -2
1 -1 1 -1 17 -1 6 -1 6 -1 6 -1 17 -1 1 -1 17 -1 4 -1 12 -1 1 -1 4 -1 1 -1 1 -1 1 -1 11 -1 4 -1 4 -1 4 -1 1 -1 13 -1 4 -1 13 -1 7 -1 4 -1 13 -1 12 -1 -2
1 -1 17 -1 6 -1 6 -1 6 -1 17 -1 1 -1 17 -1 4 -1 12 -1 1 -1 4 -1 1 -1 1 -1 1 -1 11 -1 4 -1 4 -1 4 -1 1 -1 13 -1 4 -1 13 -1 7 -1 4 -1 13 -1 12 -1 1 -1 -2
17 -1 6 -1 6 -1 6 -1 17 -1 1 -1 17 -1 4 -1 12 -1 1 -1 4 -1 1 -1 1 -1 1 -1 11 -1 4 -1 4 -1 4 -1 1 -1 13 -1 4 -1 13 -1 7 -1 4 -1 13 -1 12 -1 1 -1 4 -1 -2
6 -1 6 -1 6 -1 17 -1 1 -1 17 -1 4 -1 12 -1 1 -1 4 -1 1 -1 1 -1 1 -1 11 -1 4 -1 4 -1 4 -1 1 -1 13 -1 4 -1 13 -1 7 -1 4 -1 13 -1 12 -1 1 -1 4 -1 1 -1 -2
6 -1 6 -1 17 -1 1 -1 17 -1 4 -1 12 -1 1 -1 4 -1 1 -1 1 -1 1 -1 11 -1 4 -1 4 -1 4 -1 1 -1 13 -1 4 -1 13 -1 7 -1 4 -1 13 -1 12 -1 1 -1 4 -1 1 -1 1 -1 -2
6 -1 17 -1 1 -1 17 -1 4 -1 12 -1 1 -1 4 -1 1 -1 1 -1 1 -1 11 -1 4 -1 4 -1 4 -1 1 -1 13 -1 4 -1 13 -1 7 -1 4 -1 13 -1 12 -1 1 -1 4 -1 1 -1 1 -1 1 -1 -2
17 -1 1 -1 17 -1 4 -1 12 -1 1 -1 4 -1 1 -1 1 -1 1 -1 11 -1 4 -1 4 -1 4 -1 1 -1 13 -1 4 -1 13 -1 7 -1 4 -1 13 -1 12 -1 1 -1 4 -1 1 -1 1 -1 1 -1 6 -1 -2
1 -1 17 -1 4 -1 12 -1 1 -1 4 -1 1 -1 1 -1 1 -1 11 -1 4 -1 4 -1 4 -1 1 -1 13 -1 4 -1 13 -1 7 -1 4 -1 13 -1 12 -1 1 -1 4 -1 1 -1 1 -1 1 -1 6 -1 1 -1 -2
17 -1 4 -1 12 -1 1 -1 4 -1 1 -1 1 -1 1 -1 11 -1 4 -1 4 -1 4 -1 1 -1 13 -1 4 -1 13 -1 7 -1 4 -1 13 -1 12 -1 1 -1 4 -1 1 -1 1 -1 1 -1 6 -1 1 -1 1 -1 -2
4 -1 12 -1 1 -1 4 -1 1 -1 1 -1 1 -1 11 -1 4 -1 4 -1 4 -1 1 -1 13 -1 4 -1 13 -1 7 -1 4 -1 13 -1 12 -1 1 -1 4 -1 1 -1 1 -1 1 -1 6 -1 1 -1 1 -1 12 -1 -2
12 -1 1 -1 4 -1 1 -1 1 -1 1 -1 11 -1 4 -1 4 -1 4 -1 1 -1 13 -1 4 -1 13 -1 7 -1 4 -1 13 -1 12 -1 1 -1 4 -1 1 -1 1 -1 1 -1 6 -1 1 -1 1 -1 12 -1 17 -1 -2
1 -1 4 -1 1 -1 1 -1 1 -1 11 -1 4 -1 4 -1 4 -1 1 -1 13 -1 4 -1 13 -1 7 -1 4 -1 13 -1 12 -1 1 -1 4 -1 1 -1 1 -1 1 -1 6 -1 1 -1 1 -1 12 -1 17 -1 1 -1 -2
4 -1 1 -1 1 -1 1 -1 11 -1 4 -1 4 -1 4 -1 1 -1 13 -1 4 -1 13 -1 7 -1 4 -1 13 -1 12 -1 1 -1 4 -1 1 -1 1 -1 1 -1 6 -1 1 -1 1 -1 12 -1 17 -1 1 -1 4 -1 -2
1 -1 1 -1 1 -1 11 -1 4 -1 4 -1 4 -1 1 -1 13 -1 4 -1 13 -1 7 -1 4 -1 13 -1 12 -1 1 -1 4 -1 1 -1 1 -1 1 -1 6 -1 1 -1 1 -1 12 -1 17 -1 1 -1 4 -1 13 -1 -2
1 -1 1 -1 11 -1 4 -1 4 -1 4 -1 1 -1 13 -1 4 -1 13 -1 7 -1 4 -1 13 -1 12 -1 1 -1 4 -1 1 -1 1 -1 1 -1 6 -1 1 -1 1 -1 12 -1 17 -1 1 -1 4 -1 13 -1 4 -1 -2
1 -1 11 -1 4 -1 4 -1 4 -1 1 -1 13 -1 4 -1 13 -1 7 -1 4 -1 13 -1 12 -1 1 -1 4 -1 1 -1 1 -1 1 -1 6 -1 1 -1 1 -1 12 -1 17 -1 1 -1 4 -1 13 -1 4 -1 4 -1 -2
11 -1 4 -1 4 -1 4 -1 1 -1 13 -1 4 -1 13 -1 7 -1 4 -1 13 -1 12 -1 1 -1 4 -1 1 -1 1 -1 1 -1 6 -1 1 -1 1 -1 12 -1 17 -1 1 -1 4 -1 13 -1 4 -1 4 -1 6 -1 -2
4 -1 4 -1 4 -1 1 -1 13 -1 4 -1 13 -1 7 -1 4 -1 13 -1 12 -1 1 -1 4 -1 1 -1 1 -1 1 -1 6 -1 1 -1 1 -1 12 -1 17 -1 1 -1 4 -1 13 -1 4 -1 4 -1 6 -1 4 -1 -2
4 -1 4 -1 1 -1 13 -1 4 -1 13 -1 7 -1 4 -1 13 -1 12 -1 1 -1 4 -1 1 -1 1 -1 1 -1 6 -1 1 -1 1 -1 12 -1 17 -1 1 -1 4 -1 13 -1 4 -1 4 -1 6 -1 4 -1 6 -1 -2
4 -1 1 -1 13 -1 4 -1 13 -1 7 -1 4 -1 13 -1 12 -1 1 -1 4 -1 1 -1 1 -1 1 -1 6 -1 1 -1 1 -1 12 -1 17 -1 1 -1 4 -1 13 -1 4 -1 4 -1 6 -1 4 -1 6 -1 1 -1 -2
1 -1 13 -1 4 -1 13 -1 7 -1 4 -1 13 -1 12 -1 1 -1 4 -1 1 -1 1 -1 1 -1 6 -1 1 -1 1 -1 12 -1 17 -1 1 -1 4 -1 13 -1 4 -1 4 -1 6 -1 4 -1 6 -1 1 -1 1 -1 -2
13 -1 4 -1 13 -1 7 -1 4 -1 13 -1 12 -1 1 -1 4 -1 1 -1 1 -1 1 -1 6 -1 1 -1 1 -1 12 -1 17 -1 1 -1 4 -1 13 -1 4 -1 4 -1 6 -1 4 -1 6 -1 1 -1 1 -1 4 -1 -2
4 -1 13 -1 7 -1 4 -1 13 -1 12 -1 1 -1 4 -1 1 -1 1 -1 1 -1 6 -1 1 -1 1 -1 12 -1 17 -1 1 -1 4 -1 13 -1 4 -1 4 -1 6 -1 4 -1 6 -1 1 -1 1 -1 4 -1 13 -1 -2
13 -1 7 -1 4 -1 13 -1 12 -1 1 -1 4 -1 1 -1 1 -1 1 -1 6 -1 1 -1 1 -1 12 -1 17 -1 1 -1 4 -1 13 -1 4 -1 4 -1 6 -1 4 -1 6 -1 1 -1 1 -1 4 -1 13 -1 6 -1 -2
7 -1 4 -1 13 -1 12 -1 1 -1 4 -1 1 -1 1 -1 1 -1 6 -1 1 -1 1 -1 12 -1 17 -1 1 -1 4 -1 13 -1 4 -1 4 -1 6 -1 4 -1 6 -1 1 -1 1 -1 4 -1 13 -1 6 -1 1 -1 -2
4 -1 13 -1 12 -1 1 -1 4 -1 1 -1 1 -1 1 -1 6 -1 1 -1 1 -1 12 -1 17 -1 1 -1 4 -1 13 -1 4 -1 4 -1 6 -1 4 -1 6 -1 1 -1 1 -1 4 -1 13 -1 6 -1 1 -1 17 -1 -2
13 -1 12 -1 1 -1 4 -1 1 -1 1 -1 1 -1 6 -1 1 -1 1 -1 12 -1 17 -1 1 -1 4 -1 13 -1 4 -1 4 -1 6 -1 4 -1 6 -1 1 -1 1 -1 4 -1 13 -1 6 -1 1 -1 17 -1 1 -1 -2
12 -1 1 -1 4 -1 1 -1 1 -1 1 -1 6 -1 1 -1 1 -1 12 -1 17 -1 1 -1 4 -1 13 -1 4 -1 4 -1 6 -1 4 -1 6 -1 1 -1 1 -1 4 -1 13 -1 6 -1 1 -1 17 -1 1 -1 12 -1 -2
1 -1 4 -1 1 -1 1 -1 1 -1 6 -1 1 -1 1 -1 12 -1 17 -1 1 -1 4 -1 13 -1 4 -1 4 -1 6 -1 4 -1 6 -1 1 -1 1 -1 4 -1 13 -1 6 -1 1 -1 17 -1 1 -1 12 -1 4 -1 -2
4 -1 1 -1 1 -1 1 -1 6 -1 1 -1 1 -1 12 -1 17 -1 1 -1 4 -1 13 -1 4 -1 4 -1 6 -1 4 -1 6 -1 1 -1 1 -1 4 -1 13 -1 6 -1 1 -1 17 -1 1 -1 12 -1 4 -1 6 -1 -2
1 -1 1 -1 1 -1 6 -1 1 -1 1 -1 12 -1 17 -1 1 -1 4 -1 13 -1 4 -1 4 -1 6 -1 4 -1 6 -1 1 -1 1 -1 4 -1 13 -1 6 -1 1 -1 17 -1 1 -1 12 -1 4 -1 6 -1 1 -1 -2
1 -1 1 -1 6 -1 1 -1 1 -1 12 -1 17 -1 1 -1 4 -1 13 -1 4 -1 4 -1 6 -1 4 -1 6 -1 1 -1 1 -1 4 -1 13 -1 6 -1 1 -1 17 -1 1 -1 12 -1 4 -1 6 -1 1 -1 17 -1 -2
1 -1 6 -1 1 -1 1 -1 12 -1 17 -1 1 -1 4 -1 13 -1 4 -1 4 -1 6 -1 4 -1 6 -1 1 -1 1 -1 4 -1 13 -1 6 -1 1 -1 17 -1 1 -1 12 -1 4 -1 6 -1 1 -1 17 -1 11 -1 -2
6 -1 1 -1 1 -1 12 -1 17 -1 1 -1 4 -1 13 -1 4 -1 4 -1 6 -1 4 -1 6 -1 1 -1 1 -1 4 -1 13 -1 6 -1 1 -1 17 -1 1 -1 12 -1 4 -1 6 -1 1 -1 17 -1 11 -1 12 -1 -2
1 -1 1 -1 12 -1 17 -1 1 -1 4 -1 13 -1 4 -1 4 -1 6 -1 4 -1 6 -1 1 -1 1 -1 4 -1 13 -1 6 -1 1 -1 17 -1 1 -1 12 -1 4 -1 6 -1 1 -1 17 -1 11 -1 12 -1 12 -1 -2
1 -1 12 -1 17 -1 1 -1 4 -1 13 -1 4 -1 4 -1 6 -1 4 -1 6 -1 1 -1 1 -1 4 -1 13 -1 6 -1 1 -1 17 -1 1 -1 12 -1 4 -1 6 -1 1 -1 17 -1 11 -1 12 -1 12 -1 6 -1 -2
12 -1 17 -1 1 -1 4 -1 13 -1 4 -1 4 -1 6 -1 4 -1 6 -1 1 -1 1 -1 4 -1 13 -1 6 -1 1 -1 17 -1 1 -1 12 -1 4 -1 6 -1 1 -1 17 -1 11 -1 12 -1 12 -1 6 -1 6 -1 -2
17 -1 1 -1 4 -1 13 -1 4 -1 4 -1 6 -1 4 -1 6 -1 1 -1 1 -1 4 -1 13 -1 6 -1 1 -1 17 -1 1 -1 12 -1 4 -1 6 -1 1 -1 17 -1 11 -1 12 -1 12 -1 6 -1 6 -1 6 -1 -2
1 -1 4 -1 13 -1 4 -1 4 -1 6 -1 4 -1 6 -1 1 -1 1 -1 4 -1 13 -1 6 -1 1 -1 17 -1 1 -1 12 -1 4 -1 6 -1 1 -1 17 -1 11 -1 12 -1 12 -1 6 -1 6 -1 6 -1 1 -1 -2
4 -1 13 -1 4 -1 4 -1 6 -1 4 -1 6 -1 1 -1 1 -1 4 -1 13 -1 6 -1 1 -1 17 -1 1 -1 12 -1 4 -1 6 -1 1 -1 17 -1 11 -1 12 -1 12 -1 6 -1 6 -1 6 -1 1 -1 6 -1 -2
13 -1 4 -1 4 -1 6 -1 4 -1 6 -1 1 -1 1 -1 4 -1 13 -1 6 -1 1 -1 17 -1 1 -1 12 -1 4 -1 6 -1 1 -1 17 -1 11 -1 12 -1 12 -1 6 -1 6 -1 6 -1 1 -1 6 -1 6 -1 -2
4 -1 4 -1 6 -1 4 -1 6 -1 1 -1 1 -1 4 -1 13 -1 6 -1 1 -1 17 -1 1 -1 12 -1 4 -1 6 -1 1 -1 17 -1 11 -1 12 -1 12 -1 6 -1 6 -1 6 -1 1 -1 6 -1 6 -1 1 -1 -2
4 -1 6 -1 4 -1 6 -1 1 -1 1 -1 4 -1 13 -1 6 -1 1 -1 17 -1 1 -1 12 -1 4 -1 6 -1 1 -1 17 -1 11 -1 12 -1 12 -1 6 -1 6 -1 6 -1 1 -1 6 -1 6 -1 1 -1 6 -1 -2
6 -1 4 -1 6 -1 1 -1 1 -1 4 -1 13 -1 6 -1 1 -1 17 -1 1 -1 12 -1 4 -1 6 -1 1 -1 17 -1 11 -1 12 -1 12 -1 6 -1 6 -1 6 -1 1 -1 6 -1 6 -1 1 -1 6 -1 4 -1 -2
4 -1 6 -1 1 -1 1 -1 4 -1 13 -1 6 -1 1 -1 17 -1 1 -1 12 -1 4 -1 6 -1 1 -1 17 -1 11 -1 12 -1 12 -1 6 -1 6 -1 6 -1 1 -1 6 -1 6 -1 1 -1 6 -1 4 -1 12 -1 -2
6 -1 1 -1 1 -1 4 -1 13 -1 6 -1 1 -1 17 -1 1 -1 12 -1 4 -1 6 -1 1 -1 17 -1 11 -1 12 -1 12 -1 6 -1 6 -1 6 -1 1 -1 6 -1 6 -1 1 -1 6 -1 4 -1 12 -1 6 -1 -2
1 -1 1 -1 4 -1 13 -1 6 -1 1 -1 17 -1 1 -1 12 -1 4 -1 6 -1 1 -1 17 -1 11 -1 12 -1 12 -1 6 -1 6 -1 6 -1 1 -1 6 -1 6 -1 1 -1 6 -1 4 -1 12 -1 6 -1 1 -1 -2
1 -1 4 -1 13 -1 6 -1 1 -1 17 -1 1 -1 12 -1 4 -1 6 -1 1 -1 17 -1 11 -1 12 -1 12 -1 6 -1 6 -1 6 -1 1 -1 6 -1 6 -1 1 -1 6 -1 4 -1 12 -1 6 -1 1 -1 6 -1 -2
4 -1 13 -1 6 -1 1 -1 17 -1 1 -1 12 -1 4 -1 6 -1 1 -1 17 -1 11 -1 12 -1 12 -1 6 -1 6 -1 6 -1 1 -1 6 -1 6 -1 1 -1 6 -1 4 -1 12 -1 6 -1 1 -1 6 -1 6 -1 -2
13 -1 6 -1 1 -1 17 -1 1 -1 12 -1 4 -1 6 -1 1 -1 17 -1 11 -1 12 -1 12 -1 6 -1 6 -1 6 -1 1 -1 6 -1 6 -1 1 -1 6 -1 4 -1 12 -1 6 -1 1 -1 6 -1 6 -1 6 -1 -2
6 -1 1 -1 17 -1 1 -1 12 -1 4 -1 6 -1 1 -1 17 -1 11 -1 12 -1 12 -1 6 -1 6 -1 6 -1 1 -1 6 -1 6 -1 1 -1 6 -1 4 -1 12 -1 6 -1 1 -1 6 -1 6 -1 6 -1 6 -1 -2
1 -1 17 -1 1 -1 12 -1 4 -1 6 -1 1 -1 17 -1 11 -1 12 -1 12 -1 6 -1 6 -1 6 -1 1 -1 6 -1 6 -1 1 -1 6 -1 4 -1 12 -1 6 -1 1 -1 6 -1 6 -1 6 -1 6 -1 6 -1 -2
17 -1 1 -1 12 -1 4 -1 6 -1 1 -1 17 -1 11 -1 12 -1 12 -1 6 -1 6 -1 6 -1 1 -1 6 -1 6 -1 1 -1 6 -1 4 -1 12 -1 6 -1 1 -1 6 -1 6 -1 6 -1 6 -1 6 -1 6 -1 -2
1 -1 12 -1 4 -1 6 -1 1 -1 17 -1 11 -1 12 -1 12 -1 6 -1 6 -1 6 -1 1 -1 6 -1 6 -1 1 -1 6 -1 4 -1 12 -1 6 -1 1 -1 6 -1 6 -1 6 -1 6 -1 6 -1 6 -1 4 -1 -2
12 -1 4 -1 6 -1 1 -1 17 -1 11 -1 12 -1 12 -1 6 -1 6 -1 6 -1 1 -1 6 -1 6 -1 1 -1 6 -1 4 -1 12 -1 6 -1 1 -1 6 -1 6 -1 6 -1 6 -1 6 -1 6 -1 4 -1 12 -1 -2
4 -1 6 -1 1 -1 17 -1 11 -1 12 -1 12 -1 6 -1 6 -1 6 -1 1 -1 6 -1 6 -1 1 -1 6 -1 4 -1 12 -1 6 -1 1 -1 6 -1 6 -1 6 -1 6 -1 6 -1 6 -1 4 -1 12 -1 6 -1 -2
6 -1 1 -1 17 -1 11 -1 12 -1 12 -1 6 -1 6 -1 6 -1 1 -1 6 -1 6 -1 1 -1 6 -1 4 -1 12 -1 6 -1 1 -1 6 -1 6 -1 6 -1 6 -1 6 -1 6 -1 4 -1 12 -1 6 -1 6 -1 -2
1 -1 17 -1 11 -1 12 -1 12 -1 6 -1 6 -1 6 -1 1 -1 6 -1 6 -1 1 -1 6 -1 4 -1 12 -1 6 -1 1 -1 6 -1 6 -1 6 -1 6 -1 6 -1 6 -1 4 -1 12 -1 6 -1 6 -1 6 -1 -2
17 -1 11 -1 12 -1 12 -1 6 -1 6 -1 6 -1 1 -1 6 -1 6 -1 1 -1 6 -1 4 -1 12 -1 6 -1 1 -1 6 -1 6 -1 6 -1 6 -1 6 -1 6 -1 4 -1 12 -1 6 -1 6 -1 6 -1 6 -1 -2
11 -1 12 -1 12 -1 6 -1 6 -1 6 -1 1 -1 6 -1 6 -1 1 -1 6 -1 4 -1 12 -1 6 -1 1 -1 6 -1 6 -1 6 -1 6 -1 6 -1 6 -1 4 -1 12 -1 6 -1 6 -1 6 -1 6 -1 1 -1 -2
12 -1 12 -1 6 -1 6 -1 6 -1 1 -1 6 -1 6 -1 1 -1 6 -1 4 -1 12 -1 6 -1 1 -1 6 -1 6 -1 6 -1 6 -1 6 -1 6 -1 4 -1 12 -1 6 -1 6 -1 6 -1 6 -1 1 -1 1 -1 -2
12 -1 6 -1 6 -1 6 -1 1 -1 6 -1 6 -1 1 -1 6 -1 4 -1 12 -1 6 -1 1 -1 6 -1 6 -1 6 -1 6 -1 6 -1 6 -1 4 -1 12 -1 6 -1 6 -1 6 -1 6 -1 1 -1 1 -1 1 -1 -2
6 -1 6 -1 6 -1 1 -1 6 -1 6 -1 1 -1 6 -1 4 -1 12 -1 6 -1 1 -1 6 -1 6 -1 6 -1 6 -1 6 -1 6 -1 4 -1 12 -1 6 -1 6 -1 6 -1 6 -1 1 -1 1 -1 1 -1 6 -1 -2
6 -1 6 -1 1 -1 6 -1 6 -1 1 -1 6 -1 4 -1 12 -1 6 -1 1 -1 6 -1 6 -1 6 -1 6 -1 6 -1 6 -1 4 -1 12 -1 6 -1 6 -1 6 -1 6 -1 1 -1 1 -1 1 -1 6 -1 6 -1 -2
6 -1 1 -1 6 -1 6 -1 1 -1 6 -1 4 -1 12 -1 6 -1 1 -1 6 -1 6 -1 6 -1 6 -1 6 -1 6 -1 4 -1 12 -1 6 -1 6 -1 6 -1 6 -1 1 -1 1 -1 1 -1 6 -1 6 -1 6 -1 -2
1 -1 6 -1 6 -1 1 -1 6 -1 4 -1 12 -1 6 -1 1 -1 6 -1 6 -1 6 -1 6 -1 6 -1 6 -1 4 -1 12 -1 6 -1 6 -1 6 -1 6 -1 1 -1 1 -1 1 -1 6 -1 6 -1 6 -1 6 -1 -2
6 -1 6 -1 1 -1 6 -1 4 -1 12 -1 6 -1 1 -1 6 -1 6 -1 6 -1 6 -1 6 -1 6 -1 4 -1 12 -1 6 -1 6 -1 6 -1 6 -1 1 -1 1 -1 1 -1 6 -1 6 -1 6 -1 6 -1 12 -1 -2
6 -1 1 -1 6 -1 4 -1 12 -1 6 -1 1 -1 6 -1 6 -1 6 -1 6 -1 6 -1 6 -1 4 -1 12 -1 6 -1 6 -1 6 -1 6 -1 1 -1 1 -1 1 -1 6 -1 6 -1 6 -1 6 -1 12 -1 6 -1 -2
1 -1 6 -1 4 -1 12 -1 6 -1 1 -1 6 -1 6 -1 6 -1 6 -1 6 -1 6 -1 4 -1 12 -1 6 -1 6 -1 6 -1 6 -1 1 -1 1 -1 1 -1 6 -1 6 -1 6 -1 6 -1 12 -1 6 -1 6 -1 -2
6 -1 4 -1 12 -1 6 -1 1 -1 6 -1 6 -1 6 -1 6 -1 6 -1 6 -1 4 -1 12 -1 6 -1 6 -1 6 -1 6 -1 1 -1 1 -1 1 -1 6 -1 6 -1 6 -1 6 -1 12 -1 6 -1 6 -1 6 -1 -2
4 -1 12 -1 6 -1 1 -1 6 -1 6 -1 6 -1 6 -1 6 -1 6 -1 4 -1 12 -1 6 -1 6 -1 6 -1 6 -1 1 -1 1 -1 1 -1 6 -1 6 -1 6 -1 6 -1 12 -1 6 -1 6 -1 6 -1 6 -1 -2
12 -1 6 -1 1 -1 6 -1 6 -1 6 -1 6 -1 6 -1 6 -1 4 -1 12 -1 6 -1 6 -1 6 -1 6 -1 1 -1 1 -1 1 -1 6 -1 6 -1 6 -1 6 -1 12 -1 6 -1 6 -1 6 -1 6 -1 6 -1 -2
6 -1 1 -1 6 -1 6 -1 6 -1 6 -1 6 -1 6 -1 4 -1 12 -1 6 -1 6 -1 6 -1 6 -1 1 -1 1 -1 1 -1 6 -1 6 -1 6 -1 6 -1 12 -1 6 -1 6 -1 6 -1 6 -1 6 -1 6 -1 -2
1 -1 6 -1 6 -1 6 -1 6 -1 6 -1 6 -1 4 -1 12 -1 6 -1 6 -1 6 -1 6 -1 1 -1 1 -1 1 -1 6 -1 6 -1 6 -1 6 -1 12 -1 6 -1 6 -1 6 -1 6 -1 6 -1 6 -1 6 -1 -2
6 -1 6 -1 6 -1 6 -1 6 -1 6 -1 4 -1 12 -1 6 -1 6 -1 6 -1 6 -1 1 -1 1 -1 1 -1 6 -1 6 -1 6 -1 6 -1 12 -1 6 -1 6 -1 6 -1 6 -1 6 -1 6 -1 6 -1 17 -1 -2
6 -1 6 -1 6 -1 6 -1 6 -1 4 -1 12 -1 6 -1 6 -1 6 -1 6 -1 1 -1 1 -1 1 -1 6 -1 6 -1 6 -1 6 -1 12 -1 6 -1 6 -1 6 -1 6 -1 6 -1 6 -1 6 -1 17 -1 12 -1 -2
6 -1 6 -1 6 -1 6 -1 4 -1 12 -1 6 -1 6 -1 6 -1 6 -1 1 -1 1 -1 1 -1 6 -1 6 -1 6 -1 6 -1 12 -1 6 -1 6 -1 6 -1 6 -1 6 -1 6 -1 6 -1 17 -1 12 -1 17 -1 -2
6 -1 6 -1 6 -1 4 -1 12 -1 6 -1 6 -1 6 -1 6 -1 1 -1 1 -1 1 -1 6 -1 6 -1 6 -1 6 -1 12 -1 6 -1 6 -1 6 -1 6 -1 6 -1 6 -1 6 -1 17 -1 12 -1 17 -1 13 -1 -2
6 -1 6 -1 4 -1 12 -1 6 -1 6 -1 6 -1 6 -1 1 -1 1 -1 1 -1 6 -1 6 -1 6 -1 6 -1 12 -1 6 -1 6 -1 6 -1 6 -1 6 -1 6 -1 6 -1 17 -1 12 -1 17 -1 13 -1 1 -1 -2
6 -1 4 -1 12 -1 6 -1 6 -1 6 -1 6 -1 1 -1 1 -1 1 -1 6 -1 6 -1 6 -1 6 -1 12 -1 6 -1 6 -1 6 -1 6 -1 6 -1 6 -1 6 -1 17 -1 12 -1 17 -1 13 -1 1 -1 1 -1 -2
4 -1 12 -1 6 -1 6 -1 6 -1 6 -1 1 -1 1 -1 1 -1 6 -1 6 -1 6 -1 6 -1 12 -1 6 -1 6 -1 6 -1 6 -1 6 -1 6 -1 6 -1 17 -1 12 -1 17 -1 13 -1 1 -1 1 -1 12 -1 -2
12 -1 6 -1 6 -1 6 -1 6 -1 1 -1 1 -1 1 -1 6 -1 6 -1 6 -1 6 -1 12 -1 6 -1 6 -1 6 -1 6 -1 6 -1 6 -1 6 -1 17 -1 12 -1 17 -1 13 -1 1 -1 1 -1 12 -1 4 -1 -2
6 -1 6 -1 6 -1 6 -1 1 -1 1 -1 1 -1 6 -1 6 -1 6 -1 6 -1 12 -1 6 -1 6 -1 6 -1 6 -1 6 -1 6 -1 6 -1 17 -1 12 -1 17 -1 13 -1 1 -1 1 -1 12 -1 4 -1 6 -1 -2
6 -1 6 -1 6 -1 1 -1 1 -1 1 -1 6 -1 6 -1 6 -1 6 -1 12 -1 6 -1 6 -1 6 -1 6 -1 6 -1 6 -1 6 -1 17 -1 12 -1 17 -1 13 -1 1 -1 1 -1 12 -1 4 -1 6 -1 6 -1 -2
6 -1 6 -1 1 -1 1 -1 1 -1 6 -1 6 -1 6 -1 6 -1 12 -1 6 -1 6 -1 6 -1 6 -1 6 -1 6 -1 6 -1 17 -1 12 -1 17 -1 13 -1 1 -1 1 -1 12 -1 4 -1 6 -1 6 -1 6 -1 -2
6 -1 1 -1 1 -1 1 -1 6 -1 6 -1 6 -1 6 -1 12 -1 6 -1 6 -1 6 -1 6 -1 6 -1 6 -1 6 -1 17 -1 12 -1 17 -1 13 -1 1 -1 1 -1 12 -1 4 -1 6 -1 6 -1 6 -1 6 -1 -2
1 -1 1 -1 1 -1 6 -1 6 -1 6 -1 6 -1 12 -1 6 -1 6 -1 6 -1 6 -1 6 -1 6 -1 6 -1 17 -1 12 -1 17 -1 13 -1 1 -1 1 -1 12 -1 4 -1 6 -1 6 -1 6 -1 6 -1 1 -1 -2
1 -1 1 -1 6 -1 6 -1 6 -1 6 -1 12 -1 6 -1 6 -1 6 -1 6 -1 6 -1 6 -1 6 -1 17 -1 12 -1 17 -1 13 -1 1 -1 1 -1 12 -1 4 -1 6 -1 6 -1 6 -1 6 -1 1 -1 4 -1 -2
1 -1 6 -1 6 -1 6 -1 6 -1 12 -1 6 -1 6 -1 6 -1 6 -1 6 -1 6 -1 6 -1 17 -1 12 -1 17 -1 13 -1 1 -1 1 -1 12 -1 4 -1 6 -1 6 -1 6 -1 6 -1 1 -1 4 -1 6 -1 -2
6 -1 6 -1 6 -1 6 -1 12 -1 6 -1 6 -1 6 -1 6 -1 6 -1 6 -1 6 -1 17 -1 12 -1 17 -1 13 -1 1 -1 1 -1 12 -1 4 -1 6 -1 6 -1 6 -1 6 -1 1 -1 4 -1 6 -1 1 -1 -2
6 -1 6 -1 6 -1 12 -1 6 -1 6 -1 6 -1 6 -1 6 -1 6 -1 6 -1 17 -1 12 -1 17 -1 13 -1 1 -1 1 -1 12 -1 4 -1 6 -1 6 -1 6 -1 6 -1 1 -1 4 -1 6 -1 1 -1 6 -1 -2
6 -1 6 -1 12 -1 6 -1 6 -1 6 -1 6 -1 6 -1 6 -1 6 -1 17 -1 12 -1 17 -1 13 -1 1 -1 1 -1 12 -1 4 -1 6 -1 6 -1 6 -1 6 -1 1 -1 4 -1 6 -1 1 -1 6 -1 1 -1 -2
6 -1 12 -1 6 -1 6 -1 6 -1 6 -1 6 -1 6 -1 6 -1 17 -1 12 -1 17 -1 13 -1 1 -1 1 -1 12 -1 4 -1 6 -1 6 -1 6 -1 6 -1 1 -1 4 -1 6 -1 1 -1 6 -1 1 -1 12 -1 -2
12 -1 6 -1 6 -1 6 -1 6 -1 6 -1 6 -1 6 -1 17 -1 12 -1 17 -1 13 -1 1 -1 1 -1 12 -1 4 -1 6 -1 6 -1 6 -1 6 -1 1 -1 4 -1 6 -1 1 -1 6 -1 1 -1 12 -1 12 -1 -2
6 -1 6 -1 6 -1 6 -1 6 -1 6 -1 6 -1 17 -1 12 -1 17 -1 13 -1 1 -1 1 -1 12 -1 4 -1 6 -1 6 -1 6 -1 6 -1 1 -1 4 -1 6 -1 1 -1 6 -1 1 -1 12 -1 12 -1 6 -1 -2
6 -1 6 -1 6 -1 6 -1 6 -1 6 -1 17 -1 12 -1 17 -1 13 -1 1 -1 1 -1 12 -1 4 -1 6 -1 6 -1 6 -1 6 -1 1 -1 4 -1 6 -1 1 -1 6 -1 1 -1 12 -1 12 -1 6 -1 6 -1 -2
6 -1 6 -1 6 -1 6 -1 6 -1 17 -1 12 -1 17 -1 13 -1 1 -1 1 -1 12 -1 4 -1 6 -1 6 -1 6 -1 6 -1 1 -1 4 -1 6 -1 1 -1 6 -1 1 -1 12 -1 12 -1 6 -1 6 -1 6 -1 -2
6 -1 6 -1 6 -1 6 -1 17 -1 12 -1 17 -1 13 -1 1 -1 1 -1 12 -1 4 -1 6 -1 6 -1 6 -1 6 -1 1 -1 4 -1 6 -1 1 -1 6 -1 1 -1 12 -1 12 -1 6 -1 6 -1 6 -1 4 -1 -2
6 -1 6 -1 6 -1 17 -1 12 -1 17 -1 13 -1 1 -1 1 -1 12 -1 4 -1 6 -1 6 -1 6 -1 6 -1 1 -1 4 -1 6 -1 1 -1 6 -1 1 -1 12 -1 12 -1 6 -1 6 -1 6 -1 4 -1 4 -1 -2
6 -1 6 -1 17 -1 12 -1 17 -1 13 -1 1 -1 1 -1 12 -1 4 -1 6 -1 6 -1 6 -1 6 -1 1 -1 4 -1 6 -1 1 -1 6 -1 1 -1 12 -1 12 -1 6 -1 6 -1 6 -1 4 -1 4 -1 6 -1 -2
6 -1 17 -1 12 -1 17 -1 13 -1 1 -1 1 -1 12 -1 4 -1 6 -1 6 -1 6 -1 6 -1 1 -1 4 -1 6 -1 1 -1 6 -1 1 -1 12 -1 12 -1 6 -1 6 -1 6 -1 4 -1 4 -1 6 -1 6 -1 -2
17 -1 12 -1 17 -1 13 -1 1 -1 1 -1 12 -1 4 -1 6 -1 6 -1 6 -1 6 -1 1 -1 4 -1 6 -1 1 -1 6 -1 1 -1 12 -1 12 -1 6 -1 6 -1 6 -1 4 -1 4 -1 6 -1 6 -1 6 -1 -2
12 -1 17 -1 13 -1 1 -1 1 -1 12 -1 4 -1 6 -1 6 -1 6 -1 6 -1 1 -1 4 -1 6 -1 1 -1 6 -1 1 -1 12 -1 12 -1 6 -1 6 -1 6 -1 4 -1 4 -1 6 -1 6 -1 6 -1 6 -1 -2
17 -1 13 -1 1 -1 1 -1 12 -1 4 -1 6 -1 6 -1 6 -1 6 -1 1 -1 4 -1 6 -1 1 -1 6 -1 1 -1 12 -1 12 -1 6 -1 6 -1 6 -1 4 -1 4 -1 6 -1 6 -1 6 -1 6 -1 12 -1 -2
13 -1 1 -1 1 -1 12 -1 4 -1 6 -1 6 -1 6 -1 6 -1 1 -1 4 -1 6 -1 1 -1 6 -1 1 -1 12 -1 12 -1 6 -1 6 -1 6 -1 4 -1 4 -1 6 -1 6 -1 6 -1 6 -1 12 -1 6 -1 -2
1 -1 1 -1 12 -1 4 -1 6 -1 6 -1 6 -1 6 -1 1 -1 4 -1 6 -1 1 -1 6 -1 1 -1 12 -1 12 -1 6 -1 6 -1 6 -1 4 -1 4 -1 6 -1 6 -1 6 -1 6 -1 12 -1 6 -1 6 -1 -2
1 -1 12 -1 4 -1 6 -1 6 -1 6 -1 6 -1 1 -1 4 -1 6 -1 1 -1 6 -1 1 -1 12 -1 12 -1 6 -1 6 -1 6 -1 4 -1 4 -1 6 -1 6 -1 6 -1 6 -1 12 -1 6 -1 6 -1 12 -1 -2
12 -1 4 -1 6 -1 6 -1 6 -1 6 -1 1 -1 4 -1 6 -1 1 -1 6 -1 1 -1 12 -1 12 -1 6 -1 6 -1 6 -1 4 -1 4 -1 6 -1 6 -1 6 -1 6 -1 12 -1 6 -1 6 -1 12 -1 4 -1 -2
4 -1 6 -1 6 -1 6 -1 6 -1 1 -1 4 -1 6 -1 1 -1 6 -1 1 -1 12 -1 12 -1 6 -1 6 -1 6 -1 4 -1 4 -1 6 -1 6 -1 6 -1 6 -1 12 -1 6 -1 6 -1 12 -1 4 -1 4 -1 -2
6 -1 6 -1 6 -1 6 -1 1 -1 4 -1 6 -1 1 -1 6 -1 1 -1 12 -1 12 -1 6 -1 6 -1 6 -1 4 -1 4 -1 6 -1 6 -1 6 -1 6 -1 12 -1 6 -1 6 -1 12 -1 4 -1 4 -1 1 -1 -2
6 -1 6 -1 6 -1 1 -1 4 -1 6 -1 1 -1 6 -1 1 -1 12 -1 12 -1 6 -1 6 -1 6 -1 4 -1 4 -1 6 -1 6 -1 6 -1 6 -1 12 -1 6 -1 6 -1 12 -1 4 -1 4 -1 1 -1 6 -1 -2
6 -1 6 -1 1 -1 4 -1 6 -1 1 -1 6 -1 1 -1 12 -1 12 -1 6 -1 6 -1 6 -1 4 -1 4 -1 6 -1 6 -1 6 -1 6 -1 12 -1 6 -1 6 -1 12 -1 4 -1 4 -1 1 -1 6 -1 1 -1 -2
6 -1 1 -1 4 -1 6 -1 1 -1 6 -1 1 -1 12 -1 12 -1 6 -1 6 -1 6 -1 4 -1 4 -1 6 -1 6 -1 6 -1 6 -1 12 -1 6 -1 6 -1 12 -1 4 -1 4 -1 1 -1 6 -1 1 -1 1 -1 -2
1 -1 4 -1 6 -1 1 -1 6 -1 1 -1 12 -1 12 -1 6 -1 6 -1 6 -1 4 -1 4 -1 6 -1 6 -1 6 -1 6 -1 12 -1 6 -1 6 -1 12 -1 4 -1 4 -1 1 -1 6 -1 1 -1 1 -1 6 -1 -2
4 -1 6 -1 1 -1 6 -1 1 -1 12 -1 12 -1 6 -1 6 -1 6 -1 4 -1 4 -1 6 -1 6 -1 6 -1 6 -1 12 -1 6 -1 6 -1 12 -1 4 -1 4 -1 1 -1 6 -1 1 -1 1 -1 6 -1 6 -1 -2
6 -1 1 -1 6 -1 1 -1 12 -1 12 -1 6 -1 6 -1 6 -1 4 -1 4 -1 6 -1 6 -1 6 -1 6 -1 12 -1 6 -1 6 -1 12 -1 4 -1 4 -1 1 -1 6 -1 1 -1 1 -1 6 -1 6 -1 1 -1 -2
1 -1 6 -1 1 -1 12 -1 12 -1 6 -1 6 -1 6 -1 4 -1 4 -1 6 -1 6 -1 6 -1 6 -1 12 -1 6 -1 6 -1 12 -1 4 -1 4 -1 1 -1 6 -1 1 -1 1 -1 6 -1 6 -1 1 -1 6 -1 -2
6 -1 1 -1 12 -1 12 -1 6 -1 6 -1 6 -1 4 -1 4 -1 6 -1 6 -1 6 -1 6 -1 12 -1 6 -1 6 -1 12 -1 4 -1 4 -1 1 -1 6 -1 1 -1 1 -1 6 -1 6 -1 1 -1 6 -1 6 -1 -2
1 -1 12 -1 12 -1 6 -1 6 -1 6 -1 4 -1 4 -1 6 -1 6 -1 6 -1 6 -1 12 -1 6 -1 6 -1 12 -1 4 -1 4 -1 1 -1 6 -1 1 -1 1 -1 6 -1 6 -1 1 -1 6 -1 6 -1 13 -1 -2
12 -1 12 -1 6 -1 6 -1 6 -1 4 -1 4 -1 6 -1 6 -1 6 -1 6 -1 12 -1 6 -1 6 -1 12 -1 4 -1 4 -1 1 -1 6 -1 1 -1 1 -1 6 -1 6 -1 1 -1 6 -1 6 -1 13 -1 1 -1 -2
12 -1 6 -1 6 -1 6 -1 4 -1 4 -1 6 -1 6 -1 6 -1 6 -1 12 -1 6 -1 6 -1 12 -1 4 -1 4 -1 1 -1 6 -1 1 -1 1 -1 6 -1 6 -1 1 -1 6 -1 6 -1 13 -1 1 -1 1 -1 -2
6 -1 6 -1 6 -1 4 -1 4 -1 6 -1 6 -1 6 -1 6 -1 12 -1 6 -1 6 -1 12 -1 4 -1 4 -1 1 -1 6 -1 1 -1 1 -1 6 -1 6 -1 1 -1 6 -1 6 -1 13 -1 1 -1 1 -1 6 -1 -2
6 -1 6 -1 4 -1 4 -1 6 -1 6 -1 6 -1 6 -1 12 -1 6 -1 6 -1 12 -1 4 -1 4 -1 1 -1 6 -1 1 -1 1 -1 6 -1 6 -1 1 -1 6 -1 6 -1 13 -1 1 -1 1 -1 6 -1 1 -1 -2
6 -1 4 -1 4 -1 6 -1 6 -1 6 -1 6 -1 12 -1 6 -1 6 -1 12 -1 4 -1 4 -1 1 -1 6 -1 1 -1 1 -1 6 -1 6 -1 1 -1 6 -1 6 -1 13 -1 1 -1 1 -1 6 -1 1 -1 1 -1 -2
4 -1 4 -1 6 -1 6 -1 6 -1 6 -1 12 -1 6 -1 6 -1 12 -1 4 -1 4 -1 1 -1 6 -1 1 -1 1 -1 6 -1 6 -1 1 -1 6 -1 6 -1 13 -1 1 -1 1 -1 6 -1 1 -1 1 -1 1 -1 -2
4 -1 6 -1 6 -1 6 -1 6 -1 12 -1 6 -1 6 -1 12 -1 4 -1 4 -1 1 -1 6 -1 1 -1 1 -1 6 -1 6 -1 1 -1 6 -1 6 -1 13 -1 1 -1 1 -1 6 -1 1 -1 1 -1 1 -1 1 -1 -2
6 -1 6 -1 6 -1 6 -1 12 -1 6 -1 6 -1 12 -1 4 -1 4 -1 1 -1 6 -1 1 -1 1 -1 6 -1 6 -1 1 -1 6 -1 6 -1 13 -1 1 -1 1 -1 6 -1 1 -1 1 -1 1 -1 1 -1 1 -1 -2
6 -1 6 -1 6 -1 12 -1 6 -1 6 -1 12 -1 4 -1 4 -1 1 -1 6 -1 1 -1 1 -1 6 -1 6 -1 1 -1 6 -1 6 -1 13 -1 1 -1 1 -1 6 -1 1 -1 1 -1 1 -1 1 -1 1 -1 4 -1 -2
6 -1 6 -1 12 -1 6 -1 6 -1 12 -1 4 -1 4 -1 1 -1 6 -1 1 -1 1 -1 6 -1 6 -1 1 -1 6 -1 6 -1 13 -1 1 -1 1 -1 6 -1 1 -1 1 -1 1 -1 1 -1 1 -1 4 -1 6 -1 -2
6 -1 12 -1 6 -1 6 -1 12 -1 4 -1 4 -1 1 -1 6 -1 1 -1 1 -1 6 -1 6 -1 1 -1 6 -1 6 -1 13 -1 1 -1 1 -1 6 -1 1 -1 1 -1 1 -1 1 -1 1 -1 4 -1 6 -1 6 -1 -2
12 -1 6 -1 6 -1 12 -1 4 -1 4 -1 1 -1 6 -1 1 -1 1 -1 6 -1 6 -1 1 -1 6 -1 6 -1 13 -1 1 -1 1 -1 6 -1 1 -1 1 -1 1 -1 1 -1 1 -1 4 -1 6 -1 6 -1 6 -1 -2
6 -1 6 -1 12 -1 4 -1 4 -1 1 -1 6 -1 1 -1 1 -1 6 -1 6 -1 1 -1 6 -1 6 -1 13 -1 1 -1 1 -1 6 -1 1 -1 1 -1 1 -1 1 -1 1 -1 4 -1 6 -1 6 -1 6 -1 4 -1 -2
6 -1 12 -1 4 -1 4 -1 1 -1 6 -1 1 -1 1 -1 6 -1 6 -1 1 -1 6 -1 6 -1 13 -1 1 -1 1 -1 6 -1 1 -1 1 -1 1 -1 1 -1 1 -1 4 -1 6 -1 6 -1 6 -1 4 -1 1 -1 -2
12 -1 4 -1 4 -1 1 -1 6 -1 1 -1 1 -1 6 -1 6 -1 1 -1 6 -1 6 -1 13 -1 1 -1 1 -1 6 -1 1 -1 1 -1 1 -1 1 -1 1 -1 4 -1 6 -1 6 -1 6 -1 4 -1 1 -1 6 -1 -2
4 -1 4 -1 1 -1 6 -1 1 -1 1 -1 6 -1 6 -1 1 -1 6 -1 6 -1 13 -1 1 -1 1 -1 6 -1 1 -1 1 -1 1 -1 1 -1 1 -1 4 -1 6 -1 6 -1 6 -1 4 -1 1 -1 6 -1 13 -1 -2
4 -1 1 -1 6 -1 1 -1 1 -1 6 -1 6 -1 1 -1 6 -1 6 -1 13 -1 1 -1 1 -1 6 -1 1 -1 1 -1 1 -1 1 -1 1 -1 4 -1 6 -1 6 -1 6 -1 4 -1 1 -1 6 -1 13 -1 4 -1 -2
1 -1 6 -1 1 -1 1 -1 6 -1 6 -1 1 -1 6 -1 6 -1 13 -1 1 -1 1 -1 6 -1 1 -1 1 -1 1 -1 1 -1 1 -1 4 -1 6 -1 6 -1 6 -1 4 -1 1 -1 6 -1 13 -1 4 -1 6 -1 -2
6 -1 1 -1 1 -1 6 -1 6 -1 1 -1 6 -1 6 -1 13 -1 1 -1 1 -1 6 -1 1 -1 1 -1 1 -1 1 -1 1 -1 4 -1 6 -1 6 -1 6 -1 4 -1 1 -1 6 -1 13 -1 4 -1 6 -1 6 -1 -2
1 -1 1 -1 6 -1 6 -1 1 -1 6 -1 6 -1 13 -1 1 -1 1 -1 6 -1 1 -1 1 -1 1 -1 1 -1 1 -1 4 -1 6 -1 6 -1 6 -1 4 -1 1 -1 6 -1 13 -1 4 -1 6 -1 6 -1 6 -1 -2
1 -1 6 -1 6 -1 1 -1 6 -1 6 -1 13 -1 1 -1 1 -1 6 -1 1 -1 1 -1 1 -1 1 -1 1 -1 4 -1 6 -1 6 -1 6 -1 4 -1 1 -1 6 -1 13 -1 4 -1 6 -1 6 -1 6 -1 4 -1 -2
6 -1 6 -1 1 -1 6 -1 6 -1 13 -1 1 -1 1 -1 6 -1 1 -1 1 -1 1 -1 1 -1 1 -1 4 -1 6 -1 6 -1 6 -1 4 -1 1 -1 6 -1 13 -1 4 -1 6 -1 6 -1 6 -1 4 -1 17 -1 -2
6 -1 1 -1 6 -1 6 -1 13 -1 1 -1 1 -1 6 -1 1 -1 1 -1 1 -1 1 -1 1 -1 4 -1 6 -1 6 -1 6 -1 4 -1 1 -1 6 -1 13 -1 4 -1 6 -1 6 -1 6 -1 4 -1 17 -1 4 -1 -2
1 -1 6 -1 6 -1 13 -1 1 -1 1 -1 6 -1 1 -1 1 -1 1 -1 1 -1 1 -1 4 -1 6 -1 6 -1 6 -1 4 -1 1 -1 6 -1 13 -1 4 -1 6 -1 6 -1 6 -1 4 -1 17 -1 4 -1 1 -1 -2
6 -1 6 -1 13 -1 1 -1 1 -1 6 -1 1 -1 1 -1 1 -1 1 -1 1 -1 4 -1 6 -1 6 -1 6 -1 4 -1 1 -1 6 -1 13 -1 4 -1 6 -1 6 -1 6 -1 4 -1 17 -1 4 -1 1 -1 1 -1 -2
6 -1 13 -1 1 -1 1 -1 6 -1 1 -1 1 -1 1 -1 1 -1 1 -1 4 -1 6 -1 6 -1 6 -1 4 -1 1 -1 6 -1 13 -1 4 -1 6 -1 6 -1 6 -1 4 -1 17 -1 4 -1 1 -1 1 -1 1 -1 -2
13 -1 1 -1 1 -1 6 -1 1 -1 1 -1 1 -1 1 -1 1 -1 4 -1 6 -1 6 -1 6 -1 4 -1 1 -1 6 -1 13 -1 4 -1 6 -1 6 -1 6 -1 4 -1 17 -1 4 -1 1 -1 1 -1 1 -1 1 -1 -2
1 -1 1 -1 6 -1 1 -1 1 -1 1 -1 1 -1 1 -1 4 -1 6 -1 6 -1 6 -1 4 -1 1 -1 6 -1 13 -1 4 -1 6 -1 6 -1 6 -1 4 -1 17 -1 4 -1 1 -1 1 -1 1 -1 1 -1 4 -1 -2
1 -1 6 -1 1 -1 1 -1 1 -1 1 -1 1 -1 4 -1 6 -1 6 -1 6 -1 4 -1 1 -1 6 -1 13 -1 4 -1 6 -1 6 -1 6 -1 4 -1 17 -1 4 -1 1 -1 1 -1 1 -1 1 -1 4 -1 1 -1 -2
6 -1 1 -1 1 -1 1 -1 1 -1 1 -1 4 -1 6 -1 6 -1 6 -1 4 -1 1 -1 6 -1 13 -1 4 -1 6 -1 6 -1 6 -1 4 -1 17 -1 4 -1 1 -1 1 -1 1 -1 1 -1 4 -1 1 -1 12 -1 -2
1 -1 1 -1 1 -1 1 -1 1 -1 4 -1 6 -1 6 -1 6 -1 4 -1 1 -1 6 -1 13 -1 4 -1 6 -1 6 -1 6 -1 4 -1 17 -1 4 -1 1 -1 1 -1 1 -1 1 -1 4 -1 1 -1 12 -1 1 -1 -2
1 -1 1 -1 1 -1 1 -1 4 -1 6 -1 6 -1 6 -1 4 -1 1 -1 6 -1 13 -1 4 -1 6 -1 6 -1 6 -1 4 -1 17 -1 4 -1 1 -1 1 -1 1 -1 1 -1 4 -1 1 -1 12 -1 1 -1 11 -1 -2
1 -1 1 -1 1 -1 4 -1 6 -1 6 -1 6 -1 4 -1 1 -1 6 -1 13 -1 4 -1 6 -1 6 -1 6 -1 4 -1 17 -1 4 -1 1 -1 1 -1 1 -1 1 -1 4 -1 1 -1 12 -1 1 -1 11 -1 4 -1 -2
1 -1 1 -1 4 -1 6 -1 6 -1 6 -1 4 -1 1 -1 6 -1 13 -1 4 -1 6 -1 6 -1 6 -1 4 -1 17 -1 4 -1 1 -1 1 -1 1 -1 1 -1 4 -1 1 -1 12 -1 1 -1 11 -1 4 -1 4 -1 -2
1 -1 4 -1 6 -1 6 -1 6 -1 4 -1 1 -1 6 -1 13 -1 4 -1 6 -1 6 -1 6 -1 4 -1 17 -1 4 -1 1 -1 1 -1 1 -1 1 -1 4 -1 1 -1 12 -1 1 -1 11 -1 4 -1 4 -1 1 -1 -2
4 -1 6 -1 6 -1 6 -1 4 -1 1 -1 6 -1 13 -1 4 -1 6 -1 6 -1 6 -1 4 -1 17 -1 4 -1 1 -1 1 -1 1 -1 1 -1 4 -1 1 -1 12 -1 1 -1 11 -1 4 -1 4 -1 1 -1 13 -1 -2
6 -1 6 -1 6 -1 4 -1 1 -1 6 -1 13 -1 4 -1 6 -1 6 -1 6 -1 4 -1 17 -1 4 -1 1 -1 1 -1 1 -1 1 -1 4 -1 1 -1 12 -1 1 -1 11 -1 4 -1 4 -1 1 -1 13 -1 11 -1 -2
6 -1 6 -1 4 -1 1 -1 6 -1 13 -1 4 -1 6 -1 6 -1 6 -1 4 -1 17 -1 4 -1 1 -1 1 -1 1 -1 1 -1 4 -1 1 -1 12 -1 1 -1 11 -1 4 -1 4 -1 1 -1 13 -1 11 -1 1 -1 -2
6 -1 4 -1 1 -1 6 -1 13 -1 4 -1 6 -1 6 -1 6 -1 4 -1 17 -1 4 -1 1 -1 1 -1 1 -1 1 -1 4 -1 1 -1 12 -1 1 -1 11 -1 4 -1 4 -1 1 -1 13 -1 11 -1 1 -1 12 -1 -2
4 -1 1 -1 6 -1 13 -1 4 -1 6 -1 6 -1 6 -1 4 -1 17 -1 4 -1 1 -1 1 -1 1 -1 1 -1 4 -1 1 -1 12 -1 1 -1 11 -1 4 -1 4 -1 1 -1 13 -1 11 -1 1 -1 12 -1 4 -1 -2
1 -1 6 -1 13 -1 4 -1 6 -1 6 -1 6 -1 4 -1 17 -1 4 -1 1 -1 1 -1 1 -1 1 -1 4 -1 1 -1 12 -1 1 -1 11 -1 4 -1 4 -1 1 -1 13 -1 11 -1 1 -1 12 -1 4 -1 4 -1 -2
6 -1 13 -1 4 -1 6 -1 6 -1 6 -1 4 -1 17 -1 4 -1 1 -1 1 -1 1 -1 1 -1 4 -1 1 -1 12 -1 1 -1 11 -1 4 -1 4 -1 1 -1 13 -1 11 -1 1 -1 12 -1 4 -1 4 -1 4 -1 -2
13 -1 4 -1 6 -1 6 -1 6 -1 4 -1 17 -1 4 -1 1 -1 1 -1 1 -1 1 -1 4 -1 1 -1 12 -1 1 -1 11 -1 4 -1 4 -1 1 -1 13 -1 11 -1 1 -1 12 -1 4 -1 4 -1 4 -1 1 -1 -2
4 -1 6 -1 6 -1 6 -1 4 -1 17 -1 4 -1 1 -1 1 -1 1 -1 1 -1 4 -1 1 -1 12 -1 1 -1 11 -1 4 -1 4 -1 1 -1 13 -1 11 -1 1 -1 12 -1 4 -1 4 -1 4 -1 1 -1 4 -1 -2
6 -1 6 -1 6 -1 4 -1 17 -1 4 -1 1 -1 1 -1 1 -1 1 -1 4 -1 1 -1 12 -1 1 -1 11 -1 4 -1 4 -1 1 -1 13 -1 11 -1 1 -1 12 -1 4 -1 4 -1 4 -1 1 -1 4 -1 13 -1 -2
6 -1 6 -1 4 -1 17 -1 4 -1 1 -1 1 -1 1 -1 1 -1 4 -1 1 -1 12 -1 1 -1 11 -1 4 -1 4 -1 1 -1 13 -1 11 -1 1 -1 12 -1 4 -1 4 -1 4 -1 1 -1 4 -1 13 -1 4 -1 -2
6 -1 4 -1 17 -1 4 -1 1 -1 1 -1 1 -1 1 -1 4 -1 1 -1 12 -1 1 -1 11 -1 4 -1 4 -1 1 -1 13 -1 11 -1 1 -1 12 -1 4 -1 4 -1 4 -1 1 -1 4 -1 13 -1 4 -1 17 -1 -2
4 -1 17 -1 4 -1 1 -1 1 -1 1 -1 1 -1 4 -1 1 -1 12 -1 1 -1 11 -1 4 -1 4 -1 1 -1 13 -1 11 -1 1 -1 12 -1 4 -1 4 -1 4 -1 1 -1 4 -1 13 -1 4 -1 17 -1 1 -1 -2
17 -1 4 -1 1 -1 1 -1 1 -1 1 -1 4 -1 1 -1 12 -1 1 -1 11 -1 4 -1 4 -1 1 -1 13 -1 11 -1 1 -1 12 -1 4 -1 4 -1 4 -1 1 -1 4 -1 13 -1 4 -1 17 -1 1 -1 4 -1 -2
4 -1 1 -1 1 -1 1 -1 1 -1 4 -1 1 -1 12 -1 1 -1 11 -1 4 -1 4 -1 1 -1 13 -1 11 -1 1 -1 12 -1 4 -1 4 -1 4 -1 1 -1 4 -1 13 -1 4 -1 17 -1 1 -1 4 -1 1 -1 -2
1 -1 1 -1 1 -1 1 -1 4 -1 1 -1 12 -1 1 -1 11 -1 4 -1 4 -1 1 -1 13 -1 11 -1 1 -1 12 -1 4 -1 4 -1 4 -1 1 -1 4 -1 13 -1 4 -1 17 -1 1 -1 4 -1 1 -1 17 -1 -2
1 -1 1 -1 1 -1 4 -1 1 -1 12 -1 1 -1 11 -1 4 -1 4 -1 1 -1 13 -1 11 -1 1 -1 12 -1 4 -1 4 -1 4 -1 1 -1 4 -1 13 -1 4 -1 17 -1 1 -1 4 -1 1 -1 17 -1 12 -1 -2
1 -1 1 -1 4 -1 1 -1 12 -1 1 -1 11 -1 4 -1 4 -1 1 -1 13 -1 11 -1 1 -1 12 -1 4 -1 4 -1 4 -1 1 -1 4 -1 13 -1 4 -1 17 -1 1 -1 4 -1 1 -1 17 -1 12 -1 12 -1 -2
1 -1 4 -1 1 -1 12 -1 1 -1 11 -1 4 -1 4 -1 1 -1 13 -1 11 -1 1 -1 12 -1 4 -1 4 -1 4 -1 1 -1 4 -1 13 -1 4 -1 17 -1 1 -1 4 -1 1 -1 17 -1 12 -1 12 -1 1 -1 -2
4 -1 1 -1 12 -1 1 -1 11 -1 4 -1 4 -1 1 -1 13 -1 11 -1 1 -1 12 -1 4 -1 4 -1 4 -1 1 -1 4 -1 13 -1 4 -1 17 -1 1 -1 4 -1 1 -1 17 -1 12 -1 12 -1 1 -1 13 -1 -2
1 -1 12 -1 1 -1 11 -1 4 -1 4 -1 1 -1 13 -1 11 -1 1 -1 12 -1 4 -1 4 -1 4 -1 1 -1 4 -1 13 -1 4 -1 17 -1 1 -1 4 -1 1 -1 17 -1 12 -1 12 -1 1 -1 13 -1 1 -1 -2
12 -1 1 -1 11 -1 4 -1 4 -1 1 -1 13 -1 11 -1 1 -1 12 -1 4 -1 4 -1 4 -1 1 -1 4 -1 13 -1 4 -1 17 -1 1 -1 4 -1 1 -1 17 -1 12 -1 12 -1 1 -1 13 -1 1 -1 4 -1 -2
1 -1 11 -1 4 -1 4 -1 1 -1 13 -1 11 -1 1 -1 12 -1 4 -1 4 -1 4 -1 1 -1 4 -1 13 -1 4 -1 17 -1 1 -1 4 -1 1 -1 17 -1 12 -1 12 -1 1 -1 13 -1 1 -1 4 -1 4 -1 -2
11 -1 4 -1 4 -1 1 -1 13 -1 11 -1 1 -1 12 -1 4 -1 4 -1 4 -1 1 -1 4 -1 13 -1 4 -1 17 -1 1 -1 4 -1 1 -1 17 -1 12 -1 12 -1 1 -1 13 -1 1 -1 4 -1 4 -1 4 -1 -2
4 -1 4 -1 1 -1 13 -1 11 -1 1 -1 12 -1 4 -1 4 -1 4 -1 1 -1 4 -1 13 -1 4 -1 17 -1 1 -1 4 -1 1 -1 17 -1 12 -1 12 -1 1 -1 13 -1 1 -1 4 -1 4 -1 4 -1 4 -1 -2
4 -1 1 -1 13 -1 11 -1 1 -1 12 -1 4 -1 4 -1 4 -1 1 -1 4 -1 13 -1 4 -1 17 -1 1 -1 4 -1 1 -1 17 -1 12 -1 12 -1 1 -1 13 -1 1 -1 4 -1 4 -1 4 -1 4 -1 6 -1 -2
1 -1 13 -1 11 -1 1 -1 12 -1 4 -1 4 -1 4 -1 1 -1 4 -1 13 -1 4 -1 17 -1 1 -1 4 -1 1 -1 17 -1 12 -1 12 -1 1 -1 13 -1 1 -1 4 -1 4 -1 4 -1 4 -1 6 -1 1 -1 -2
13 -1 11 -1 1 -1 12 -1 4 -1 4 -1 4 -1 1 -1 4 -1 13 -1 4 -1 17 -1 1 -1 4 -1 1 -1 17 -1 12 -1 12 -1 1 -1 13 -1 1 -1 4 -1 4 -1 4 -1 4 -1 6 -1 1 -1 4 -1 -2
11 -1 1 -1 12 -1 4 -1 4 -1 4 -1 1 -1 4 -1 13 -1 4 -1 17 -1 1 -1 4 -1 1 -1 17 -1 12 -1 12 -1 1 -1 13 -1 1 -1 4 -1 4 -1 4 -1 4 -1 6 -1 1 -1 4 -1 4 -1 -2
1 -1 12 -1 4 -1 4 -1 4 -1 1 -1 4 -1 13 -1 4 -1 17 -1 1 -1 4 -1 1 -1 17 -1 12 -1 12 -1 1 -1 13 -1 1 -1 4 -1 4 -1 4 -1 4 -1 6 -1 1 -1 4 -1 4 -1 1 -1 -2
12 -1 4 -1 4 -1 4 -1 1 -1 4 -1 13 -1 4 -1 17 -1 1 -1 4 -1 1 -1 17 -1 12 -1 12 -1 1 -1 13 -1 1 -1 4 -1 4 -1 4 -1 4 -1 6 -1 1 -1 4 -1 4 -1 1 -1 1 -1 -2
4 -1 4 -1 4 -1 1 -1 4 -1 13 -1 4 -1 17 -1 1 -1 4 -1 1 -1 17 -1 12 -1 12 -1 1 -1 13 -1 1 -1 4 -1 4 -1 4 -1 4 -1 6 -1 1 -1 4 -1 4 -1 1 -1 1 -1 12 -1 -2
4 -1 4 -1 1 -1 4 -1 13 -1 4 -1 17 -1 1 -1 4 -1 1 -1 17 -1 12 -1 12 -1 1 -1 13 -1 1 -1 4 -1 4 -1 4 -1 4 -1 6 -1 1 -1 4 -1 4 -1 1 -1 1 -1 12 -1 1 -1 -2
4 -1 1 -1 4 -1 13 -1 4 -1 17 -1 1 -1 4 -1 1 -1 17 -1 12 -1 12 -1 1 -1 13 -1 1 -1 4 -1 4 -1 4 -1 4 -1 6 -1 1 -1 4 -1 4 -1 1 -1 1 -1 12 -1 1 -1 17 -1 -2
1 -1 4 -1 13 -1 4 -1 17 -1 1 -1 4 -1 1 -1 17 -1 12 -1 12 -1 1 -1 13 -1 1 -1 4 -1 4 -1 4 -1 4 -1 6 -1 1 -1 4 -1 4 -1 1 -1 1 -1 12 -1 1 -1 17 -1 1 -1 -2
4 -1 13 -1 4 -1 17 -1 1 -1 4 -1 1 -1 17 -1 12 -1 12 -1 1 -1 13 -1 1 -1 4 -1 4 -1 4 -1 4 -1 6 -1 1 -1 4 -1 4 -1 1 -1 1 -1 12 -1 1 -1 17 -1 1 -1 1 -1 -2
13 -1 4 -1 17 -1 1 -1 4 -1 1 -1 17 -1 12 -1 12 -1 1 -1 13 -1 1 -1 4 -1 4 -1 4 -1 4 -1 6 -1 1 -1 4 -1 4 -1 1 -1 1 -1 12 -1 1 -1 17 -1 1 -1 1 -1 1 -1 -2
4 -1 17 -1 1 -1 4 -1 1 -1 17 -1 12 -1 12 -1 1 -1 13 -1 1 -1 4 -1 4 -1 4 -1 4 -1 6 -1 1 -1 4 -1 4 -1 1 -1 1 -1 12 -1 1 -1 17 -1 1 -1 1 -1 1 -1 1 -1 -2
17 -1 1 -1 4 -1 1 -1 17 -1 12 -1 12 -1 1 -1 13 -1 1 -1 4 -1 4 -1 4 -1 4 -1 6 -1 1 -1 4 -1 4 -1 1 -1 1 -1 12 -1 1 -1 17 -1 1 -1 1 -1 1 -1 1 -1 12 -1 -2
1 -1 4 -1 1 -1 17 -1 12 -1 12 -1 1 -1 13 -1 1 -1 4 -1 4 -1 4 -1 4 -1 6 -1 1 -1 4 -1 4 -1 1 -1 1 -1 12 -1 1 -1 17 -1 1 -1 1 -1 1 -1 1 -1 12 -1 1 -1 -2
4 -1 1 -1 17 -1 12 -1 12 -1 1 -1 13 -1 1 -1 4 -1 4 -1 4 -1 4 -1 6 -1 1 -1 4 -1 4 -1 1 -1 1 -1 12 -1 1 -1 17 -1 1 -1 1 -1 1 -1 1 -1 12 -1 1 -1 4 -1 -2
1 -1 17 -1 12 -1 12 -1 1 -1 13 -1 1 -1 4 -1 4 -1 4 -1 4 -1 6 -1 1 -1 4 -1 4 -1 1 -1 1 -1 12 -1 1 -1 17 -1 1 -1 1 -1 1 -1 1 -1 12 -1 1 -1 4 -1 4 -1 -2
17 -1 12 -1 12 -1 1 -1 13 -1 1 -1 4 -1 4 -1 4 -1 4 -1 6 -1 1 -1 4 -1 4 -1 1 -1 1 -1 12 -1 1 -1 17 -1 1 -1 1 -1 1 -1 1 -1 12 -1 1 -1 4 -1 4 -1 4 -1 -2
12 -1 12 -1 1 -1 13 -1 1 -1 4 -1 4 -1 4 -1 4 -1 6 -1 1 -1 4 -1 4 -1 1 -1 1 -1 12 -1 1 -1 17 -1 1 -1 1 -1 1 -1 1 -1 12 -1 1 -1 4 -1 4 -1 4 -1 4 -1 -2
12 -1 1 -1 13 -1 1 -1 4 -1 4 -1 4 -1 4 -1 6 -1 1 -1 4 -1 4 -1 1 -1 1 -1 12 -1 1 -1 17 -1 1 -1 1 -1 1 -1 1 -1 12 -1 1 -1 4 -1 4 -1 4 -1 4 -1 4 -1 -2
1 -1 13 -1 1 -1 4 -1 4 -1 4 -1 4 -1 6 -1 1 -1 4 -1 4 -1 1 -1 1 -1 12 -1 1 -1 17 -1 1 -1 1 -1 1 -1 1 -1 12 -1 1 -1 4 -1 4 -1 4 -1 4 -1 4 -1 4 -1 -2
13 -1 1 -1 4 -1 4 -1 4 -1 4 -1 6 -1 1 -1 4 -1 4 -1 1 -1 1 -1 12 -1 1 -1 17 -1 1 -1 1 -1 1 -1 1 -1 12 -1 1 -1 4 -1 4 -1 4 -1 4 -1 4 -1 4 -1 17 -1 -2
1 -1 4 -1 4 -1 4 -1 4 -1 6 -1 1 -1 4 -1 4 -1 1 -1 1 -1 12 -1 1 -1 17 -1 1 -1 1 -1 1 -1 1 -1 12 -1 1 -1 4 -1 4 -1 4 -1 4 -1 4 -1 4 -1 17 -1 4 -1 -2
4 -1 4 -1 4 -1 4 -1 6 -1 1 -1 4 -1 4 -1 1 -1 1 -1 12 -1 1 -1 17 -1 1 -1 1 -1 1 -1 1 -1 12 -1 1 -1 4 -1 4 -1 4 -1 4 -1 4 -1 4 -1 17 -1 4 -1 1 -1 -2
4 -1 4 -1 4 -1 6 -1 1 -1 4 -1 4 -1 1 -1 1 -1 12 -1 1 -1 17 -1 1 -1 1 -1 1 -1 1 -1 12 -1 1 -1 4 -1 4 -1 4 -1 4 -1 4 -1 4 -1 17 -1 4 -1 1 -1 1 -1 -2
4 -1 4 -1 6 -1 1 -1 4 -1 4 -1 1 -1 1 -1 12 -1 1 -1 17 -1 1 -1 1 -1 1 -1 1 -1 12 -1 1 -1 4 -1 4 -1 4 -1 4 -1 4 -1 4 -1 17 -1 4 -1 1 -1 1 -1 4 -1 -2
4 -1 6 -1 1 -1 4 -1 4 -1 1 -1 1 -1 12 -1 1 -1 17 -1 1 -1 1 -1 1 -1 1 -1 12 -1 1 -1 4 -1 4 -1 4 -1 4 -1 4 -1 4 -1 17 -1 4 -1 1 -1 1 -1 4 -1 13 -1 -2
6 -1 1 -1 4 -1 4 -1 1 -1 1 -1 12 -1 1 -1 17 -1 1 -1 1 -1 1 -1 1 -1 12 -1 1 -1 4 -1 4 -1 4 -1 4 -1 4 -1 4 -1 17 -1 4 -1 1 -1 1 -1 4 -1 13 -1 11 -1 -2
1 -1 4 -1 4 -1 1 -1 1 -1 12 -1 1 -1 17 -1 1 -1 1 -1 1 -1 1 -1 12 -1 1 -1 4 -1 4 -1 4 -1 4 -1 4 -1 4 -1 17 -1 4 -1 1 -1 1 -1 4 -1 13 -1 11 -1 1 -1 -2
4 -1 4 -1 1 -1 1 -1 12 -1 1 -1 17 -1 1 -1 1 -1 1 -1 1 -1 12 -1 1 -1 4 -1 4 -1 4 -1 4 -1 4 -1 4 -1 17 -1 4 -1 1 -1 1 -1 4 -1 13 -1 11 -1 1 -1 17 -1 -2
4 -1 1 -1 1 -1 12 -1 1 -1 17 -1 1 -1 1 -1 1 -1 1 -1 12 -1 1 -1 4 -1 4 -1 4 -1 4 -1 4 -1 4 -1 17 -1 4 -1 1 -1 1 -1 4 -1 13 -1 11 -1 1 -1 17 -1 4 -1 -2
1 -1 1 -1 12 -1 1 -1 17 -1 1 -1 1 -1 1 -1 1 -1 12 -1 1 -1 4 -1 4 -1 4 -1 4 -1 4 -1 4 -1 17 -1 4 -1 1 -1 1 -1 4 -1 13 -1 11 -1 1 -1 17 -1 4 -1 12 -1 -2
1 -1 12 -1 1 -1 17 -1 1 -1 1 -1 1 -1 1 -1 12 -1 1 -1 4 -1 4 -1 4 -1 4 -1 4 -1 4 -1 17 -1 4 -1 1 -1 1 -1 4 -1 13 -1 11 -1 1 -1 17 -1 4 -1 12 -1 1 -1 -2
12 -1 1 -1 17 -1 1 -1 1 -1 1 -1 1 -1 12 -1 1 -1 4 -1 4 -1 4 -1 4 -1 4 -1 4 -1 17 -1 4 -1 1 -1 1 -1 4 -1 13 -1 11 -1 1 -1 17 -1 4 -1 12 -1 1 -1 1 -1 -2
1 -1 17 -1 1 -1 1 -1 1 -1 1 -1 12 -1 1 -1 4 -1 4 -1 4 -1 4 -1 4 -1 4 -1 17 -1 4 -1 1 -1 1 -1 4 -1 13 -1 11 -1 1 -1 17 -1 4 -1 12 -1 1 -1 1 -1 6 -1 -2
17 -1 1 -1 1 -1 1 -1 1 -1 12 -1 1 -1 4 -1 4 -1 4 -1 4 -1 4 -1 4 -1 17 -1 4 -1 1 -1 1 -1 4 -1 13 -1 11 -1 1 -1 17 -1 4 -1 12 -1 1 -1 1 -1 6 -1 11 -1 -2
1 -1 1 -1 1 -1 1 -1 12 -1 1 -1 4 -1 4 -1 4 -1 4 -1 4 -1 4 -1 17 -1 4 -1 1 -1 1 -1 4 -1 13 -1 11 -1 1 -1 17 -1 4 -1 12 -1 1 -1 1 -1 6 -1 11 -1 4 -1 -2
1 -1 1 -1 1 -1 12 -1 1 -1 4 -1 4 -1 4 -1 4 -1 4 -1 4 -1 17 -1 4 -1 1 -1 1 -1 4 -1 13 -1 11 -1 1 -1 17 -1 4 -1 12 -1 1 -1 1 -1 6 -1 11 -1 4 -1 6 -1 -2
1 -1 1 -1 12 -1 1 -1 4 -1 4 -1 4 -1 4 -1 4 -1 4 -1 17 -1 4 -1 1 -1 1 -1 4 -1 13 -1 11 -1 1 -1 17 -1 4 -1 12 -1 1 -1 1 -1 6 -1 11 -1 4 -1 6 -1 1 -1 -2
1 -1 12 -1 1 -1 4 -1 4 -1 4 -1 4 -1 4 -1 4 -1 17 -1 4 -1 1 -1 1 -1 4 -1 13 -1 11 -1 1 -1 17 -1 4 -1 12 -1 1 -1 1 -1 6 -1 11 -1 4 -1 6 -1 1 -1 1 -1 -2
12 -1 1 -1 4 -1 4 -1 4 -1 4 -1 4 -1 4 -1 17 -1 4 -1 1 -1 1 -1 4 -1 13 -1 11 -1 1 -1 17 -1 4 -1 12 -1 1 -1 1 -1 6 -1 11 -1 4 -1 6 -1 1 -1 1 -1 1 -1 -2
1 -1 4 -1 4 -1 4 -1 4 -1 4 -1 4 -1 17 -1 4 -1 1 -1 1 -1 4 -1 13 -1 11 -1 1 -1 17 -1 4 -1 12 -1 1 -1 1 -1 6 -1 11 -1 4 -1 6 -1 1 -1 1 -1 1 -1 1 -1 -2
4 -1 4 -1 4 -1 4 -1 4 -1 4 -1 17 -1 4 -1 1 -1 1 -1 4 -1 13 -1 11 -1 1 -1 17 -1 4 -1 12 -1 1 -1 1 -1 6 -1 11 -1 4 -1 6 -1 1 -1 1 -1 1 -1 1 -1 1 -1 -2
4 -1 4 -1 4 -1 4 -1 4 -1 17 -1 4 -1 1 -1 1 -1 4 -1 13 -1 11 -1 1 -1 17 -1 4 -1 12 -1 1 -1 1 -1 6 -1 11 -1 4 -1 6 -1 1 -1 1 -1 1 -1 1 -1 1 -1 6 -1 -2
4 -1 4 -1 4 -1 4 -1 17 -1 4 -1 1 -1 1 -1 4 -1 13 -1 11 -1 1 -1 17 -1 4 -1 12 -1 1 -1 1 -1 6 -1 11 -1 4 -1 6 -1 1 -1 1 -1 1 -1 1 -1 1 -1 6 -1 6 -1 -2
4 -1 4 -1 4 -1 17 -1 4 -1 1 -1 1 -1 4 -1 13 -1 11 -1 1 -1 17 -1 4 -1 12 -1 1 -1 1 -1 6 -1 11 -1 4 -1 6 -1 1 -1 1 -1 1 -1 1 -1 1 -1 6 -1 6 -1 6 -1 -2
4 -1 4 -1 17 -1 4 -1 1 -1 1 -1 4 -1 13 -1 11 -1 1 -1 17 -1 4 -1 12 -1 1 -1 1 -1 6 -1 11 -1 4 -1 6 -1 1 -1 1 -1 1 -1 1 -1 1 -1 6 -1 6 -1 6 -1 6 -1 -2
4 -1 17 -1 4 -1 1 -1 1 -1 4 -1 13 -1 11 -1 1 -1 17 -1 4 -1 12 -1 1 -1 1 -1 6 -1 11 -1 4 -1 6 -1 1 -1 1 -1 1 -1 1 -1 1 -1 6 -1 6 -1 6 -1 6 -1 6 -1 -2
17 -1 4 -1 1 -1 1 -1 4 -1 13 -1 11 -1 1 -1 17 -1 4 -1 12 -1 1 -1 1 -1 6 -1 11 -1 4 -1 6 -1 1 -1 1 -1 1 -1 1 -1 1 -1 6 -1 6 -1 6 -1 6 -1 6 -1 1 -1 -2
4 -1 1 -1 1 -1 4 -1 13 -1 11 -1 1 -1 17 -1 4 -1 12 -1 1 -1 1 -1 6 -1 11 -1 4 -1 6 -1 1 -1 1 -1 1 -1 1 -1 1 -1 6 -1 6 -1 6 -1 6 -1 6 -1 1 -1 1 -1 -2
1 -1 1 -1 4 -1 13 -1 11 -1 1 -1 17 -1 4 -1 12 -1 1 -1 1 -1 6 -1 11 -1 4 -1 6 -1 1 -1 1 -1 1 -1 1 -1 1 -1 6 -1 6 -1 6 -1 6 -1 6 -1 1 -1 1 -1 4 -1 -2
1 -1 4 -1 13 -1 11 -1 1 -1 17 -1 4 -1 12 -1 1 -1 1 -1 6 -1 11 -1 4 -1 6 -1 1 -1 1 -1 1 -1 1 -1 1 -1 6 -1 6 -1 6 -1 6 -1 6 -1 1 -1 1 -1 4 -1 1 -1 -2
4 -1 13 -1 11 -1 1 -1 17 -1 4 -1 12 -1 1 -1 1 -1 6 -1 11 -1 4 -1 6 -1 1 -1 1 -1 1 -1 1 -1 1 -1 6 -1 6 -1 6 -1 6 -1 6 -1 1 -1 1 -1 4 -1 1 -1 12 -1 -2
13 -1 11 -1 1 -1 17 -1 4 -1 12 -1 1 -1 1 -1 6 -1 11 -1 4 -1 6 -1 1 -1 1 -1 1 -1 1 -1 1 -1 6 -1 6 -1 6 -1 6 -1 6 -1 1 -1 1 -1 4 -1 1 -1 12 -1 11 -1 -2
11 -1 1 -1 17 -1 4 -1 12 -1 1 -1 1 -1 6 -1 11 -1 4 -1 6 -1 1 -1 1 -1 1 -1 1 -1 1 -1 6 -1 6 -1 6 -1 6 -1 6 -1 1 -1 1 -1 4 -1 1 -1 12 -1 11 -1 11 -1 -2
1 -1 17 -1 4 -1 12 -1 1 -1 1 -1 6 -1 11 -1 4 -1 6 -1 1 -1 1 -1 1 -1 1 -1 1 -1 6 -1 6 -1 6 -1 6 -1 6 -1 1 -1 1 -1 4 -1 1 -1 12 -1 11 -1 11 -1 1 -1 -2
17 -1 4 -1 12 -1 1 -1 1 -1 6 -1 11 -1 4 -1 6 -1 1 -1 1 -1 1 -1 1 -1 1 -1 6 -1 6 -1 6 -1 6 -1 6 -1 1 -1 1 -1 4 -1 1 -1 12 -1 11 -1 11 -1 1 -1 1 -1 -2
4 -1 12 -1 1 -1 1 -1 6 -1 11 -1 4 -1 6 -1 1 -1 1 -1 1 -1 1 -1 1 -1 6 -1 6 -1 6 -1 6 -1 6 -1 1 -1 1 -1 4 -1 1 -1 12 -1 11 -1 11 -1 1 -1 1 -1 6 -1 -2
12 -1 1 -1 1 -1 6 -1 11 -1 4 -1 6 -1 1 -1 1 -1 1 -1 1 -1 1 -1 6 -1 6 -1 6 -1 6 -1 6 -1 1 -1 1 -1 4 -1 1 -1 12 -1 11 -1 11 -1 1 -1 1 -1 6 -1 1 -1 -2
1 -1 1 -1 6 -1 11 -1 4 -1 6 -1 1 -1 1 -1 1 -1 1 -1 1 -1 6 -1 6 -1 6 -1 6 -1 6 -1 1 -1 1 -1 4 -1 1 -1 12 -1 11 -1 11 -1 1 -1 1 -1 6 -1 1 -1 1 -1 -2
1 -1 6 -1 11 -1 4 -1 6 -1 1 -1 1 -1 1 -1 1 -1 1 -1 6 -1 6 -1 6 -1 6 -1 6 -1 1 -1 1 -1 4 -1 1 -1 12 -1 11 -1 11 -1 1 -1 1 -1 6 -1 1 -1 1 -1 6 -1 -2
6 -1 11 -1 4 -1 6 -1 1 -1 1 -1 1 -1 1 -1 1 -1 6 -1 6 -1 6 -1 6 -1 6 -1 1 -1 1 -1 4 -1 1 -1 12 -1 11 -1 11 -1 1 -1 1 -1 6 -1 1 -1 1 -1 6 -1 12 -1 -2
11 -1 4 -1 6 -1 1 -1 1 -1 1 -1 1 -1 1 -1 6 -1 6 -1 6 -1 6 -1 6 -1 1 -1 1 -1 4 -1 1 -1 12 -1 11 -1 11 -1 1 -1 1 -1 6 -1 1 -1 1 -1 6 -1 12 -1 6 -1 -2
4 -1 6 -1 1 -1 1 -1 1 -1 1 -1 1 -1 6 -1 6 -1 6 -1 6 -1 6 -1 1 -1 1 -1 4 -1 1 -1 12 -1 11 -1 11 -1 1 -1 1 -1 6 -1 1 -1 1 -1 6 -1 12 -1 6 -1 1 -1 -2
6 -1 1 -1 1 -1 1 -1 1 -1 1 -1 6 -1 6 -1 6 -1 6 -1 6 -1 1 -1 1 -1 4 -1 1 -1 12 -1 11 -1 11 -1 1 -1 1 -1 6 -1 1 -1 1 -1 6 -1 12 -1 6 -1 1 -1 4 -1 -2
1 -1 1 -1 1 -1 1 -1 1 -1 6 -1 6 -1 6 -1 6 -1 6 -1 1 -1 1 -1 4 -1 1 -1 12 -1 11 -1 11 -1 1 -1 1 -1 6 -1 1 -1 1 -1 6 -1 12 -1 6 -1 1 -1 4 -1 6 -1 -2
1 -1 1 -1 1 -1 1 -1 6 -1 6 -1 6 -1 6 -1 6 -1 1 -1 1 -1 4 -1 1 -1 12 -1 11 -1 11 -1 1 -1 1 -1 6 -1 1 -1 1 -1 6 -1 12 -1 6 -1 1 -1 4 -1 6 -1 6 -1 -2
1 -1 1 -1 1 -1 6 -1 6 -1 6 -1 6 -1 6 -1 1 -1 1 -1 4 -1 1 -1 12 -1 11 -1 11 -1 1 -1 1 -1 6 -1 1 -1 1 -1 6 -1 12 -1 6 -1 1 -1 4 -1 6 -1 6 -1 12 -1 -2
1 -1 1 -1 6 -1 6 -1 6 -1 6 -1 6 -1 1 -1 1 -1 4 -1 1 -1 12 -1 11 -1 11 -1 1 -1 1 -1 6 -1 1 -1 1 -1 6 -1 12 -1 6 -1 1 -1 4 -1 6 -1 6 -1 12 -1 6 -1 -2
1 -1 6 -1 6 -1 6 -1 6 -1 6 -1 1 -1 1 -1 4 -1 1 -1 12 -1 11 -1 11 -1 1 -1 1 -1 6 -1 1 -1 1 -1 6 -1 12 -1 6 -1 1 -1 4 -1 6 -1 6 -1 12 -1 6 -1 6 -1 -2
6 -1 6 -1 6 -1 6 -1 6 -1 1 -1 1 -1 4 -1 1 -1 12 -1 11 -1 11 -1 1 -1 1 -1 6 -1 1 -1 1 -1 6 -1 12 -1 6 -1 1 -1 4 -1 6 -1 6 -1 12 -1 6 -1 6 -1 1 -1 -2
6 -1 6 -1 6 -1 6 -1 1 -1 1 -1 4 -1 1 -1 12 -1 11 -1 11 -1 1 -1 1 -1 6 -1 1 -1 1 -1 6 -1 12 -1 6 -1 1 -1 4 -1 6 -1 6 -1 12 -1 6 -1 6 -1 1 -1 6 -1 -2
6 -1 6 -1 6 -1 1 -1 1 -1 4 -1 1 -1 12 -1 11 -1 11 -1 1 -1 1 -1 6 -1 1 -1 1 -1 6 -1 12 -1 6 -1 1 -1 4 -1 6 -1 6 -1 12 -1 6 -1 6 -1 1 -1 6 -1 6 -1 -2
6 -1 6 -1 1 -1 1 -1 4 -1 1 -1 12 -1 11 -1 11 -1 1 -1 1 -1 6 -1 1 -1 1 -1 6 -1 12 -1 6 -1 1 -1 4 -1 6 -1 6 -1 12 -1 6 -1 6 -1 1 -1 6 -1 6 -1 1 -1 -2
6 -1 1 -1 1 -1 4 -1 1 -1 12 -1 11 -1 11 -1 1 -1 1 -1 6 -1 1 -1 1 -1 6 -1 12 -1 6 -1 1 -1 4 -1 6 -1 6 -1 12 -1 6 -1 6 -1 1 -1 6 -1 6 -1 1 -1 1 -1 -2
1 -1 1 -1 4 -1 1 -1 12 -1 11 -1 11 -1 1 -1 1 -1 6 -1 1 -1 1 -1 6 -1 12 -1 6 -1 1 -1 4 -1 6 -1 6 -1 12 -1 6 -1 6 -1 1 -1 6 -1 6 -1 1 -1 1 -1 6 -1 -2
1 -1 4 -1 1 -1 12 -1 11 -1 11 -1 1 -1 1 -1 6 -1 1 -1 1 -1 6 -1 12 -1 6 -1 1 -1 4 -1 6 -1 6 -1 12 -1 6 -1 6 -1 1 -1 6 -1 6 -1 1 -1 1 -1 6 -1 6 -1 -2
4 -1 1 -1 12 -1 11 -1 11 -1 1 -1 1 -1 6 -1 1 -1 1 -1 6 -1 12 -1 6 -1 1 -1 4 -1 6 -1 6 -1 12 -1 6 -1 6 -1 1 -1 6 -1 6 -1 1 -1 1 -1 6 -1 6 -1 1 -1 -2
1 -1 12 -1 11 -1 11 -1 1 -1 1 -1 6 -1 1 -1 1 -1 6 -1 12 -1 6 -1 1 -1 4 -1 6 -1 6 -1 12 -1 6 -1 6 -1 1 -1 6 -1 6 -1 1 -1 1 -1 6 -1 6 -1 1 -1 6 -1 -2
12 -1 11 -1 11 -1 1 -1 1 -1 6 -1 1 -1 1 -1 6 -1 12 -1 6 -1 1 -1 4 -1 6 -1 6 -1 12 -1 6 -1 6 -1 1 -1 6 -1 6 -1 1 -1 1 -1 6 -1 6 -1 1 -1 6 -1 4 -1 -2
11 -1 11 -1 1 -1 1 -1 6 -1 1 -1 1 -1 6 -1 12 -1 6 -1 1 -1 4 -1 6 -1 6 -1 12 -1 6 -1 6 -1 1 -1 6 -1 6 -1 1 -1 1 -1 6 -1 6 -1 1 -1 6 -1 4 -1 6 -1 -2
11 -1 1 -1 1 -1 6 -1 1 -1 1 -1 6 -1 12 -1 6 -1 1 -1 4 -1 6 -1 6 -1 12 -1 6 -1 6 -1 1 -1 6 -1 6 -1 1 -1 1 -1 6 -1 6 -1 1 -1 6 -1 4 -1 6 -1 4 -1 -2
1 -1 1 -1 6 -1 1 -1 1 -1 6 -1 12 -1 6 -1 1 -1 4 -1 6 -1 6 -1 12 -1 6 -1 6 -1 1 -1 6 -1 6 -1 1 -1 1 -1 6 -1 6 -1 1 -1 6 -1 4 -1 6 -1 4 -1 1 -1 -2
1 -1 6 -1 1 -1 1 -1 6 -1 12 -1 6 -1 1 -1 4 -1 6 -1 6 -1 12 -1 6 -1 6 -1 1 -1 6 -1 6 -1 1 -1 1 -1 6 -1 6 -1 1 -1 6 -1 4 -1 6 -1 4 -1 1 -1 12 -1 -2
6 -1 1 -1 1 -1 6 -1 12 -1 6 -1 1 -1 4 -1 6 -1 6 -1 12 -1 6 -1 6 -1 1 -1 6 -1 6 -1 1 -1 1 -1 6 -1 6 -1 1 -1 6 -1 4 -1 6 -1 4 -1 1 -1 12 -1 1 -1 -2
1 -1 1 -1 6 -1 12 -1 6 -1 1 -1 4 -1 6 -1 6 -1 12 -1 6 -1 6 -1 1 -1 6 -1 6 -1 1 -1 1 -1 6 -1 6 -1 1 -1 6 -1 4 -1 6 -1 4 -1 1 -1 12 -1 1 -1 1 -1 -2
1 -1 6 -1 12 -1 6 -1 1 -1 4 -1 6 -1 6 -1 12 -1 6 -1 6 -1 1 -1 6 -1 6 -1 1 -1 1 -1 6 -1 6 -1 1 -1 6 -1 4 -1 6 -1 4 -1 1 -1 12 -1 1 -1 1 -1 1 -1 -2
6 -1 12 -1 6 -1 1 -1 4 -1 6 -1 6 -1 12 -1 6 -1 6 -1 1 -1 6 -1 6 -1 1 -1 1 -1 6 -1 6 -1 1 -1 6 -1 4 -1 6 -1 4 -1 1 -1 12 -1 1 -1 1 -1 1 -1 1 -1 -2
12 -1 6 -1 1 -1 4 -1 6 -1 6 -1 12 -1 6 -1 6 -1 1 -1 6 -1 6 -1 1 -1 1 -1 6 -1 6 -1 1 -1 6 -1 4 -1 6 -1 4 -1 1 -1 12 -1 1 -1 1 -1 1 -1 1 -1 1 -1 -2
6 -1 1 -1 4 -1 6 -1 6 -1 12 -1 6 -1 6 -1 1 -1 6 -1 6 -1 1 -1 1 -1 6 -1 6 -1 1 -1 6 -1 4 -1 6 -1 4 -1 1 -1 12 -1 1 -1 1 -1 1 -1 1 -1 1 -1 4 -1 -2
1 -1 4 -1 6 -1 6 -1 12 -1 6 -1 6 -1 1 -1 6 -1 6 -1 1 -1 1 -1 6 -1 6 -1 1 -1 6 -1 4 -1 6 -1 4 -1 1 -1 12 -1 1 -1 1 -1 1 -1 1 -1 1 -1 4 -1 6 -1 -2
4 -1 6 -1 6 -1 12 -1 6 -1 6 -1 1 -1 6 -1 6 -1 1 -1 1 -1 6 -1 6 -1 1 -1 6 -1 4 -1 6 -1 4 -1 1 -1 12 -1 1 -1 1 -1 1 -1 1 -1 1 -1 4 -1 6 -1 1 -1 -2
6 -1 6 -1 12 -1 6 -1 6 -1 1 -1 6 -1 6 -1 1 -1 1 -1 6 -1 6 -1 1 -1 6 -1 4 -1 6 -1 4 -1 1 -1 12 -1 1 -1 1 -1 1 -1 1 -1 1 -1 4 -1 6 -1 1 -1 1 -1 -2
6 -1 12 -1 6 -1 6 -1 1 -1 6 -1 6 -1 1 -1 1 -1 6 -1 6 -1 1 -1 6 -1 4 -1 6 -1 4 -1 1 -1 12 -1 1 -1 1 -1 1 -1 1 -1 1 -1 4 -1 6 -1 1 -1 1 -1 1 -1 -2
12 -1 6 -1 6 -1 1 -1 6 -1 6 -1 1 -1 1 -1 6 -1 6 -1 1 -1 6 -1 4 -1 6 -1 4 -1 1 -1 12 -1 1 -1 1 -1 1 -1 1 -1 1 -1 4 -1 6 -1 1 -1 1 -1 1 -1 1 -1 -2
6 -1 6 -1 1 -1 6 -1 6 -1 1 -1 1 -1 6 -1 6 -1 1 -1 6 -1 4 -1 6 -1 4 -1 1 -1 12 -1 1 -1 1 -1 1 -1 1 -1 1 -1 4 -1 6 -1 1 -1 1 -1 1 -1 1 -1 1 -1 -2
6 -1 1 -1 6 -1 6 -1 1 -1 1 -1 6 -1 6 -1 1 -1 6 -1 4 -1 6 -1 4 -1 1 -1 12 -1 1 -1 1 -1 1 -1 1 -1 1 -1 4 -1 6 -1 1 -1 1 -1 1 -1 1 -1 1 -1 6 -1 -2
1 -1 6 -1 6 -1 1 -1 1 -1 6 -1 6 -1 1 -1 6 -1 4 -1 6 -1 4 -1 1 -1 12 -1 1 -1 1 -1 1 -1 1 -1 1 -1 4 -1 6 -1 1 -1 1 -1 1 -1 1 -1 1 -1 6 -1 1 -1 -2
6 -1 6 -1 1 -1 1 -1 6 -1 6 -1 1 -1 6 -1 4 -1 6 -1 4 -1 1 -1 12 -1 1 -1 1 -1 1 -1 1 -1 1 -1 4 -1 6 -1 1 -1 1 -1 1 -1 1 -1 1 -1 6 -1 1 -1 1 -1 -2
6 -1 1 -1 1 -1 6 -1 6 -1 1 -1 6 -1 4 -1 6 -1 4 -1 1 -1 12 -1 1 -1 1 -1 1 -1 1 -1 1 -1 4 -1 6 -1 1 -1 1 -1 1 -1 1 -1 1 -1 6 -1 1 -1 1 -1 6 -1 -2
1 -1 1 -1 6 -1 6 -1 1 -1 6 -1 4 -1 6 -1 4 -1 1 -1 12 -1 1 -1 1 -1 1 -1 1 -1 1 -1 4 -1 6 -1 1 -1 1 -1 1 -1 1 -1 1 -1 6 -1 1 -1 1 -1 6 -1 6 -1 -2
1 -1 6 -1 6 -1 1 -1 6 -1 4 -1 6 -1 4 -1 1 -1 12 -1 1 -1 1 -1 1 -1 1 -1 1 -1 4 -1 6 -1 1 -1 1 -1 1 -1 1 -1 1 -1 6 -1 1 -1 1 -1 6 -1 6 -1 1 -1 -2
6 -1 6 -1 1 -1 6 -1 4 -1 6 -1 4 -1 1 -1 12 -1 1 -1 1 -1 1 -1 1 -1 1 -1 4 -1 6 -1 1 -1 1 -1 1 -1 1 -1 1 -1 6 -1 1 -1 1 -1 6 -1 6 -1 1 -1 6 -1 -2
6 -1 1 -1 6 -1 4 -1 6 -1 4 -1 1 -1 12 -1 1 -1 1 -1 1 -1 1 -1 1 -1 4 -1 6 -1 1 -1 1 -1 1 -1 1 -1 1 -1 6 -1 1 -1 1 -1 6 -1 6 -1 1 -1 6 -1 6 -1 -2
1 -1 6 -1 4 -1 6 -1 4 -1 1 -1 12 -1 1 -1 1 -1 1 -1 1 -1 1 -1 4 -1 6 -1 1 -1 1 -1 1 -1 1 -1 1 -1 6 -1 1 -1 1 -1 6 -1 6 -1 1 -1 6 -1 6 -1 4 -1 -2
6 -1 4 -1 6 -1 4 -1 1 -1 12 -1 1 -1 1 -1 1 -1 1 -1 1 -1 4 -1 6 -1 1 -1 1 -1 1 -1 1 -1 1 -1 6 -1 1 -1 1 -1 6 -1 6 -1 1 -1 6 -1 6 -1 4 -1 1 -1 -2
4 -1 6 -1 4 -1 1 -1 12 -1 1 -1 1 -1 1 -1 1 -1 1 -1 4 -1 6 -1 1 -1 1 -1 1 -1 1 -1 1 -1 6 -1 1 -1 1 -1 6 -1 6 -1 1 -1 6 -1 6 -1 4 -1 1 -1 1 -1 -2
6 -1 4 -1 1 -1 12 -1 1 -1 1 -1 1 -1 1 -1 1 -1 4 -1 6 -1 1 -1 1 -1 1 -1 1 -1 1 -1 6 -1 1 -1 1 -1 6 -1 6 -1 1 -1 6 -1 6 -1 4 -1 1 -1 1 -1 1 -1 -2
4 -1 1 -1 12 -1 1 -1 1 -1 1 -1 1 -1 1 -1 4 -1 6 -1 1 -1 1 -1 1 -1 1 -1 1 -1 6 -1 1 -1 1 -1 6 -1 6 -1 1 -1 6 -1 6 -1 4 -1 1 -1 1 -1 1 -1 1 -1 -2
1 -1 12 -1 1 -1 1 -1 1 -1 1 -1 1 -1 4 -1 6 -1 1 -1 1 -1 1 -1 1 -1 1 -1 6 -1 1 -1 1 -1 6 -1 6 -1 1 -1 6 -1 6 -1 4 -1 1 -1 1 -1 1 -1 1 -1 1 -1 -2
12 -1 1 -1 1 -1 1 -1 1 -1 1 -1 4 -1 6 -1 1 -1 1 -1 1 -1 1 -1 1 -1 6 -1 1 -1 1 -1 6 -1 6 -1 1 -1 6 -1 6 -1 4 -1 1 -1 1 -1 1 -1 1 -1 1 -1 17 -1 -2
1 -1 1 -1 1 -1 1 -1 1 -1 4 -1 6 -1 1 -1 1 -1 1 -1 1 -1 1 -1 6 -1 1 -1 1 -1 6 -1 6 -1 1 -1 6 -1 6 -1 4 -1 1 -1 1 -1 1 -1 1 -1 1 -1 17 -1 1 -1 -2
1 -1 1 -1 1 -1 1 -1 4 -1 6 -1 1 -1 1 -1 1 -1 1 -1 1 -1 6 -1 1 -1 1 -1 6 -1 6 -1 1 -1 6 -1 6 -1 4 -1 1 -1 1 -1 1 -1 1 -1 1 -1 17 -1 1 -1 1 -1 -2
1 -1 1 -1 1 -1 4 -1 6 -1 1 -1 1 -1 1 -1 1 -1 1 -1 6 -1 1 -1 1 -1 6 -1 6 -1 1 -1 6 -1 6 -1 4 -1 1 -1 1 -1 1 -1 1 -1 1 -1 17 -1 1 -1 1 -1 1 -1 -2
1 -1 1 -1 4 -1 6 -1 1 -1 1 -1 1 -1 1 -1 1 -1 6 -1 1 -1 1 -1 6 -1 6 -1 1 -1 6 -1 6 -1 4 -1 1 -1 1 -1 1 -1 1 -1 1 -1 17 -1 1 -1 1 -1 1 -1 6 -1 -2
1 -1 4 -1 6 -1 1 -1 1 -1 1 -1 1 -1 1 -1 6 -1 1 -1 1 -1 6 -1 6 -1 1 -1 6 -1 6 -1 4 -1 1 -1 1 -1 1 -1 1 -1 1 -1 17 -1 1 -1 1 -1 1 -1 6 -1 4 -1 -2
4 -1 6 -1 1 -1 1 -1 1 -1 1 -1 1 -1 6 -1 1 -1 1 -1 6 -1 6 -1 1 -1 6 -1 6 -1 4 -1 1 -1 1 -1 1 -1 1 -1 1 -1 17 -1 1 -1 1 -1 1 -1 6 -1 4 -1 1 -1 -2
6 -1 1 -1 1 -1 1 -1 1 -1 1 -1 6 -1 1 -1 1 -1 6 -1 6 -1 1 -1 6 -1 6 -1 4 -1 1 -1 1 -1 1 -1 1 -1 1 -1 17 -1 1 -1 1 -1 1 -1 6 -1 4 -1 1 -1 4 -1 -2
1 -1 1 -1 1 -1 1 -1 1 -1 6 -1 1 -1 1 -1 6 -1 6 -1 1 -1 6 -1 6 -1 4 -1 1 -1 1 -1 1 -1 1 -1 1 -1 17 -1 1 -1 1 -1 1 -1 6 -1 4 -1 1 -1 4 -1 6 -1 -2
1 -1 1 -1 1 -1 1 -1 6 -1 1 -1 1 -1 6 -1 6 -1 1 -1 6 -1 6 -1 4 -1 1 -1 1 -1 1 -1 1 -1 1 -1 17 -1 1 -1 1 -1 1 -1 6 -1 4 -1 1 -1 4 -1 6 -1 19 -1 -2
1 -1 1 -1 1 -1 6 -1 1 -1 1 -1 6 -1 6 -1 1 -1 6 -1 6 -1 4 -1 1 -1 1 -1 1 -1 1 -1 1 -1 17 -1 1 -1 1 -1 1 -1 6 -1 4 -1 1 -1 4 -1 6 -1 19 -1 1 -1 -2
1 -1 1 -1 6 -1 1 -1 1 -1 6 -1 6 -1 1 -1 6 -1 6 -1 4 -1 1 -1 1 -1 1 -1 1 -1 1 -1 17 -1 1 -1 1 -1 1 -1 6 -1 4 -1 1 -1 4 -1 6 -1 19 -1 1 -1 1 -1 -2
1 -1 6 -1 1 -1 1 -1 6 -1 6 -1 1 -1 6 -1 6 -1 4 -1 1 -1 1 -1 1 -1 1 -1 1 -1 17 -1 1 -1 1 -1 1 -1 6 -1 4 -1 1 -1 4 -1 6 -1 19 -1 1 -1 1 -1 4 -1 -2
6 -1 1 -1 1 -1 6 -1 6 -1 1 -1 6 -1 6 -1 4 -1 1 -1 1 -1 1 -1 1 -1 1 -1 17 -1 1 -1 1 -1 1 -1 6 -1 4 -1 1 -1 4 -1 6 -1 19 -1 1 -1 1 -1 4 -1 17 -1 -2
1 -1 1 -1 6 -1 6 -1 1 -1 6 -1 6 -1 4 -1 1 -1 1 -1 1 -1 1 -1 1 -1 17 -1 1 -1 1 -1 1 -1 6 -1 4 -1 1 -1 4 -1 6 -1 19 -1 1 -1 1 -1 4 -1 17 -1 17 -1 -2
1 -1 6 -1 6 -1 1 -1 6 -1 6 -1 4 -1 1 -1 1 -1 1 -1 1 -1 1 -1 17 -1 1 -1 1 -1 1 -1 6 -1 4 -1 1 -1 4 -1 6 -1 19 -1 1 -1 1 -1 4 -1 17 -1 17 -1 13 -1 -2
6 -1 6 -1 1 -1 6 -1 6 -1 4 -1 1 -1 1 -1 1 -1 1 -1 1 -1 17 -1 1 -1 1 -1 1 -1 6 -1 4 -1 1 -1 4 -1 6 -1 19 -1 1 -1 1 -1 4 -1 17 -1 17 -1 13 -1 6 -1 -2
6 -1 1 -1 6 -1 6 -1 4 -1 1 -1 1 -1 1 -1 1 -1 1 -1 17 -1 1 -1 1 -1 1 -1 6 -1 4 -1 1 -1 4 -1 6 -1 19 -1 1 -1 1 -1 4 -1 17 -1 17 -1 13 -1 6 -1 1 -1 -2
1 -1 6 -1 6 -1 4 -1 1 -1 1 -1 1 -1 1 -1 1 -1 17 -1 1 -1 1 -1 1 -1 6 -1 4 -1 1 -1 4 -1 6 -1 19 -1 1 -1 1 -1 4 -1 17 -1 17 -1 13 -1 6 -1 1 -1 1 -1 -2
6 -1 6 -1 4 -1 1 -1 1 -1 1 -1 1 -1 1 -1 17 -1 1 -1 1 -1 1 -1 6 -1 4 -1 1 -1 4 -1 6 -1 19 -1 1 -1 1 -1 4 -1 17 -1 17 -1 13 -1 6 -1 1 -1 1 -1 1 -1 -2
6 -1 4 -1 1 -1 1 -1 1 -1 1 -1 1 -1 17 -1 1 -1 1 -1 1 -1 6 -1 4 -1 1 -1 4 -1 6 -1 19 -1 1 -1 1 -1 4 -1 17 -1 17 -1 13 -1 6 -1 1 -1 1 -1 1 -1 6 -1 -2
4 -1 1 -1 1 -1 1 -1 1 -1 1 -1 17 -1 1 -1 1 -1 1 -1 6 -1 4 -1 1 -1 4 -1 6 -1 19 -1 1 -1 1 -1 4 -1 17 -1 17 -1 13 -1 6 -1 1 -1 1 -1 1 -1 6 -1 1 -1 -2
1 -1 1 -1 1 -1 1 -1 1 -1 17 -1 1 -1 1 -1 1 -1 6 -1 4 -1 1 -1 4 -1 6 -1 19 -1 1 -1 1 -1 4 -1 17 -1 17 -1 13 -1 6 -1 1 -1 1 -1 1 -1 6 -1 1 -1 1 -1 -2
1 -1 1 -1 1 -1 1 -1 17 -1 1 -1 1 -1 1 -1 6 -1 4 -1 1 -1 4 -1 6 -1 19 -1 1 -1 1 -1 4 -1 17 -1 17 -1 13 -1 6 -1 1 -1 1 -1 1 -1 6 -1 1 -1 1 -1 4 -1 -2
1 -1 1 -1 1 -1 17 -1 1 -1 1 -1 1 -1 6 -1 4 -1 1 -1 4 -1 6 -1 19 -1 1 -1 1 -1 4 -1 17 -1 17 -1 13 -1 6 -1 1 -1 1 -1 1 -1 6 -1 1 -1 1 -1 4 -1 1 -1 -2
1 -1 1 -1 17 -1 1 -1 1 -1 1 -1 6 -1 4 -1 1 -1 4 -1 6 -1 19 -1 1 -1 1 -1 4 -1 17 -1 17 -1 13 -1 6 -1 1 -1 1 -1 1 -1 6 -1 1 -1 1 -1 4 -1 1 -1 12 -1 -2
1 -1 17 -1 1 -1 1 -1 1 -1 6 -1 4 -1 1 -1 4 -1 6 -1 19 -1 1 -1 1 -1 4 -1 17 -1 17 -1 13 -1 6 -1 1 -1 1 -1 1 -1 6 -1 1 -1 1 -1 4 -1 1 -1 12 -1 6 -1 -2
17 -1 1 -1 1 -1 1 -1 6 -1 4 -1 1 -1 4 -1 6 -1 19 -1 1 -1 1 -1 4 -1 17 -1 17 -1 13 -1 6 -1 1 -1 1 -1 1 -1 6 -1 1 -1 1 -1 4 -1 1 -1 12 -1 6 -1 1 -1 -2
1 -1 1 -1 1 -1 6 -1 4 -1 1 -1 4 -1 6 -1 19 -1 1 -1 1 -1 4 -1 17 -1 17 -1 13 -1 6 -1 1 -1 1 -1 1 -1 6 -1 1 -1 1 -1 4 -1 1 -1 12 -1 6 -1 1 -1 6 -1 -2
1 -1 1 -1 6 -1 4 -1 1 -1 4 -1 6 -1 19 -1 1 -1 1 -1 4 -1 17 -1 17 -1 13 -1 6 -1 1 -1 1 -1 1 -1 6 -1 1 -1 1 -1 4 -1 1 -1 12 -1 6 -1 1 -1 6 -1 1 -1 -2
1 -1 6 -1 4 -1 1 -1 4 -1 6 -1 19 -1 1 -1 1 -1 4 -1 17 -1 17 -1 13 -1 6 -1 1 -1 1 -1 1 -1 6 -1 1 -1 1 -1 4 -1 1 -1 12 -1 6 -1 1 -1 6 -1 1 -1 6 -1 -2
6 -1 4 -1 1 -1 4 -1 6 -1 19 -1 1 -1 1 -1 4 -1 17 -1 17 -1 13 -1 6 -1 1 -1 1 -1 1 -1 6 -1 1 -1 1 -1 4 -1 1 -1 12 -1 6 -1 1 -1 6 -1 1 -1 6 -1 1 -1 -2
4 -1 1 -1 4 -1 6 -1 19 -1 1 -1 1 -1 4 -1 17 -1 17 -1 13 -1 6 -1 1 -1 1 -1 1 -1 6 -1 1 -1 1 -1 4 -1 1 -1 12 -1 6 -1 1 -1 6 -1 1 -1 6 -1 1 -1 1 -1 -2
1 -1 4 -1 6 -1 19 -1 1 -1 1 -1 4 -1 17 -1 17 -1 13 -1 6 -1 1 -1 1 -1 1 -1 6 -1 1 -1 1 -1 4 -1 1 -1 12 -1 6 -1 1 -1 6 -1 1 -1 6 -1 1 -1 1 -1 1 -1 -2
4 -1 6 -1 19 -1 1 -1 1 -1 4 -1 17 -1 17 -1 13 -1 6 -1 1 -1 1 -1 1 -1 6 -1 1 -1 1 -1 4 -1 1 -1 12 -1 6 -1 1 -1 6 -1 1 -1 6 -1 1 -1 1 -1 1 -1 6 -1 -2
6 -1 19 -1 1 -1 1 -1 4 -1 17 -1 17 -1 13 -1 6 -1 1 -1 1 -1 1 -1 6 -1 1 -1 1 -1 4 -1 1 -1 12 -1 6 -1 1 -1 6 -1 1 -1 6 -1 1 -1 1 -1 1 -1 6 -1 1 -1 -2
19 -1 1 -1 1 -1 4 -1 17 -1 17 -1 13 -1 6 -1 1 -1 1 -1 1 -1 6 -1 1 -1 1 -1 4 -1 1 -1 12 -1 6 -1 1 -1 6 -1 1 -1 6 -1 1 -1 1 -1 1 -1 6 -1 1 -1 1 -1 -2
1 -1 1 -1 4 -1 17 -1 17 -1 13 -1 6 -1 1 -1 1 -1 1 -1 6 -1 1 -1 1 -1 4 -1 1 -1 12 -1 6 -1 1 -1 6 -1 1 -1 6 -1 1 -1 1 -1 1 -1 6 -1 1 -1 1 -1 6 -1 -2
1 -1 4 -1 17 -1 17 -1 13 -1 6 -1 1 -1 1 -1 1 -1 6 -1 1 -1 1 -1 4 -1 1 -1 12 -1 6 -1 1 -1 6 -1 1 -1 6 -1 1 -1 1 -1 1 -1 6 -1 1 -1 1 -1 6 -1 1 -1 -2
4 -1 17 -1 17 -1 13 -1 6 -1 1 -1 1 -1 1 -1 6 -1 1 -1 1 -1 4 -1 1 -1 12 -1 6 -1 1 -1 6 -1 1 -1 6 -1 1 -1 1 -1 1 -1 6 -1 1 -1 1 -1 6 -1 1 -1 6 -1 -2
17 -1 17 -1 13 -1 6 -1 1 -1 1 -1 1 -1 6 -1 1 -1 1 -1 4 -1 1 -1 12 -1 6 -1 1 -1 6 -1 1 -1 6 -1 1 -1 1 -1 1 -1 6 -1 1 -1 1 -1 6 -1 1 -1 6 -1 6 -1 -2
17 -1 13 -1 6 -1 1 -1 1 -1 1 -1 6 -1 1 -1 1 -1 4 -1 1 -1 12 -1 6 -1 1 -1 6 -1 1 -1 6 -1 1 -1 1 -1 1 -1 6 -1 1 -1 1 -1 6 -1 1 -1 6 -1 6 -1 1 -1 -2
13 -1 6 -1 1 -1 1 -1 1 -1 6 -1 1 -1 1 -1 4 -1 1 -1 12 -1 6 -1 1 -1 6 -1 1 -1 6 -1 1 -1 1 -1 1 -1 6 -1 1 -1 1 -1 6 -1 1 -1 6 -1 6 -1 1 -1 6 -1 -2
6 -1 1 -1 1 -1 1 -1 6 -1 1 -1 1 -1 4 -1 1 -1 12 -1 6 -1 1 -1 6 -1 1 -1 6 -1 1 -1 1 -1 1 -1 6 -1 1 -1 1 -1 6 -1 1 -1 6 -1 6 -1 1 -1 6 -1 6 -1 -2
1 -1 1 -1 1 -1 6 -1 1 -1 1 -1 4 -1 1 -1 12 -1 6 -1 1 -1 6 -1 1 -1 6 -1 1 -1 1 -1 1 -1 6 -1 1 -1 1 -1 6 -1 1 -1 6 -1 6 -1 1 -1 6 -1 6 -1 1 -1 -2
1 -1 1 -1 6 -1 1 -1 1 -1 4 -1 1 -1 12 -1 6 -1 1 -1 6 -1 1 -1 6 -1 1 -1 1 -1 1 -1 6 -1 1 -1 1 -1 6 -1 1 -1 6 -1 6 -1 1 -1 6 -1 6 -1 1 -1 6 -1 -2
1 -1 6 -1 1 -1 1 -1 4 -1 1 -1 12 -1 6 -1 1 -1 6 -1 1 -1 6 -1 1 -1 1 -1 1 -1 6 -1 1 -1 1 -1 6 -1 1 -1 6 -1 6 -1 1 -1 6 -1 6 -1 1 -1 6 -1 6 -1 -2
6 -1 1 -1 1 -1 4 -1 1 -1 12 -1 6 -1 1 -1 6 -1 1 -1 6 -1 1 -1 1 -1 1 -1 6 -1 1 -1 1 -1 6 -1 1 -1 6 -1 6 -1 1 -1 6 -1 6 -1 1 -1 6 -1 6 -1 6 -1 -2
1 -1 1 -1 4 -1 1 -1 12 -1 6 -1 1 -1 6 -1 1 -1 6 -1 1 -1 1 -1 1 -1 6 -1 1 -1 1 -1 6 -1 1 -1 6 -1 6 -1 1 -1 6 -1 6 -1 1 -1 6 -1 6 -1 6 -1 6 -1 -2
1 -1 4 -1 1 -1 12 -1 6 -1 1 -1 6 -1 1 -1 6 -1 1 -1 1 -1 1 -1 6 -1 1 -1 1 -1 6 -1 1 -1 6 -1 6 -1 1 -1 6 -1 6 -1 1 -1 6 -1 6 -1 6 -1 6 -1 1 -1 -2
4 -1 1 -1 12 -1 6 -1 1 -1 6 -1 1 -1 6 -1 1 -1 1 -1 1 -1 6 -1 1 -1 1 -1 6 -1 1 -1 6 -1 6 -1 1 -1 6 -1 6 -1 1 -1 6 -1 6 -1 6 -1 6 -1 1 -1 1 -1 -2
1 -1 12 -1 6 -1 1 -1 6 -1 1 -1 6 -1 1 -1 1 -1 1 -1 6 -1 1 -1 1 -1 6 -1 1 -1 6 -1 6 -1 1 -1 6 -1 6 -1 1 -1 6 -1 6 -1 6 -1 6 -1 1 -1 1 -1 1 -1 -2
12 -1 6 -1 1 -1 6 -1 1 -1 6 -1 1 -1 1 -1 1 -1 6 -1 1 -1 1 -1 6 -1 1 -1 6 -1 6 -1 1 -1 6 -1 6 -1 1 -1 6 -1 6 -1 6 -1 6 -1 1 -1 1 -1 1 -1 1 -1 -2
6 -1 1 -1 6 -1 1 -1 6 -1 1 -1 1 -1 1 -1 6 -1 1 -1 1 -1 6 -1 1 -1 6 -1 6 -1 1 -1 6 -1 6 -1 1 -1 6 -1 6 -1 6 -1 6 -1 1 -1 1 -1 1 -1 1 -1 6 -1 -2
1 -1 6 -1 1 -1 6 -1 1 -1 1 -1 1 -1 6 -1 1 -1 1 -1 6 -1 1 -1 6 -1 6 -1 1 -1 6 -1 6 -1 1 -1 6 -1 6 -1 6 -1 6 -1 1 -1 1 -1 1 -1 1 -1 6 -1 1 -1 -2
6 -1 1 -1 6 -1 1 -1 1 -1 1 -1 6 -1 1 -1 1 -1 6 -1 1 -1 6 -1 6 -1 1 -1 6 -1 6 -1 1 -1 6 -1 6 -1 6 -1 6 -1 1 -1 1 -1 1 -1 1 -1 6 -1 1 -1 6 -1 -2
1 -1 6 -1 1 -1 1 -1 1 -1 6 -1 1 -1 1 -1 6 -1 1 -1 6 -1 6 -1 1 -1 6 -1 6 -1 1 -1 6 -1 6 -1 6 -1 6 -1 1 -1 1 -1 1 -1 1 -1 6 -1 1 -1 6 -1 6 -1 -2
6 -1 1 -1 1 -1 1 -1 6 -1 1 -1 1 -1 6 -1 1 -1 6 -1 6 -1 1 -1 6 -1 6 -1 1 -1 6 -1 6 -1 6 -1 6 -1 1 -1 1 -1 1 -1 1 -1 6 -1 1 -1 6 -1 6 -1 1 -1 -2
1 -1 1 -1 1 -1 6 -1 1 -1 1 -1 6 -1 1 -1 6 -1 6 -1 1 -1 6 -1 6 -1 1 -1 6 -1 6 -1 6 -1 6 -1 1 -1 1 -1 1 -1 1 -1 6 -1 1 -1 6 -1 6 -1 1 -1 1 -1 -2
1 -1 1 -1 6 -1 1 -1 1 -1 6 -1 1 -1 6 -1 6 -1 1 -1 6 -1 6 -1 1 -1 6 -1 6 -1 6 -1 6 -1 1 -1 1 -1 1 -1 1 -1 6 -1 1 -1 6 -1 6 -1 1 -1 1 -1 1 -1 -2
1 -1 6 -1 1 -1 1 -1 6 -1 1 -1 6 -1 6 -1 1 -1 6 -1 6 -1 1 -1 6 -1 6 -1 6 -1 6 -1 1 -1 1 -1 1 -1 1 -1 6 -1 1 -1 6 -1 6 -1 1 -1 1 -1 1 -1 6 -1 -2
6 -1 1 -1 1 -1 6 -1 1 -1 6 -1 6 -1 1 -1 6 -1 6 -1 1 -1 6 -1 6 -1 6 -1 6 -1 1 -1 1 -1 1 -1 1 -1 6 -1 1 -1 6 -1 6 -1 1 -1 1 -1 1 -1 6 -1 6 -1 -2
1 -1 1 -1 6 -1 1 -1 6 -1 6 -1 1 -1 6 -1 6 -1 1 -1 6 -1 6 -1 6 -1 6 -1 1 -1 1 -1 1 -1 1 -1 6 -1 1 -1 6 -1 6 -1 1 -1 1 -1 1 -1 6 -1 6 -1 6 -1 -2
1 -1 6 -1 1 -1 6 -1 6 -1 1 -1 6 -1 6 -1 1 -1 6 -1 6 -1 6 -1 6 -1 1 -1 1 -1 1 -1 1 -1 6 -1 1 -1 6 -1 6 -1 1 -1 1 -1 1 -1 6 -1 6 -1 6 -1 6 -1 -2
6 -1 1 -1 6 -1 6 -1 1 -1 6 -1 6 -1 1 -1 6 -1 6 -1 6 -1 6 -1 1 -1 1 -1 1 -1 1 -1 6 -1 1 -1 6 -1 6 -1 1 -1 1 -1 1 -1 6 -1 6 -1 6 -1 6 -1 6 -1 -2
1 -1 6 -1 6 -1 1 -1 6 -1 6 -1 1 -1 6 -1 6 -1 6 -1 6 -1 1 -1 1 -1 1 -1 1 -1 6 -1 1 -1 6 -1 6 -1 1 -1 1 -1 1 -1 6 -1 6 -1 6 -1 6 -1 6 -1 1 -1 -2
6 -1 6 -1 1 -1 6 -1 6 -1 1 -1 6 -1 6 -1 6 -1 6 -1 1 -1 1 -1 1 -1 1 -1 6 -1 1 -1 6 -1 6 -1 1 -1 1 -1 1 -1 6 -1 6 -1 6 -1 6 -1 6 -1 1 -1 6 -1 -2
6 -1 1 -1 6 -1 6 -1 1 -1 6 -1 6 -1 6 -1 6 -1 1 -1 1 -1 1 -1 1 -1 6 -1 1 -1 6 -1 6 -1 1 -1 1 -1 1 -1 6 -1 6 -1 6 -1 6 -1 6 -1 1 -1 6 -1 1 -1 -2
1 -1 6 -1 6 -1 1 -1 6 -1 6 -1 6 -1 6 -1 1 -1 1 -1 1 -1 1 -1 6 -1 1 -1 6 -1 6 -1 1 -1 1 -1 1 -1 6 -1 6 -1 6 -1 6 -1 6 -1 1 -1 6 -1 1 -1 6 -1 -2
6 -1 6 -1 1 -1 6 -1 6 -1 6 -1 6 -1 1 -1 1 -1 1 -1 1 -1 6 -1 1 -1 6 -1 6 -1 1 -1 1 -1 1 -1 6 -1 6 -1 6 -1 6 -1 6 -1 1 -1 6 -1 1 -1 6 -1 1 -1 -2
6 -1 1 -1 6 -1 6 -1 6 -1 6 -1 1 -1 1 -1 1 -1 1 -1 6 -1 1 -1 6 -1 6 -1 1 -1 1 -1 1 -1 6 -1 6 -1 6 -1 6 -1 6 -1 1 -1 6 -1 1 -1 6 -1 1 -1 4 -1 -2
1 -1 6 -1 6 -1 6 -1 6 -1 1 -1 1 -1 1 -1 1 -1 6 -1 1 -1 6 -1 6 -1 1 -1 1 -1 1 -1 6 -1 6 -1 6 -1 6 -1 6 -1 1 -1 6 -1 1 -1 6 -1 1 -1 4 -1 6 -1 -2
6 -1 6 -1 6 -1 6 -1 1 -1 1 -1 1 -1 1 -1 6 -1 1 -1 6 -1 6 -1 1 -1 1 -1 1 -1 6 -1 6 -1 6 -1 6 -1 6 -1 1 -1 6 -1 1 -1 6 -1 1 -1 4 -1 6 -1 1 -1 -2
6 -1 6 -1 6 -1 1 -1 1 -1 1 -1 1 -1 6 -1 1 -1 6 -1 6 -1 1 -1 1 -1 1 -1 6 -1 6 -1 6 -1 6 -1 6 -1 1 -1 6 -1 1 -1 6 -1 1 -1 4 -1 6 -1 1 -1 6 -1 -2
6 -1 6 -1 1 -1 1 -1 1 -1 1 -1 6 -1 1 -1 6 -1 6 -1 1 -1 1 -1 1 -1 6 -1 6 -1 6 -1 6 -1 6 -1 1 -1 6 -1 1 -1 6 -1 1 -1 4 -1 6 -1 1 -1 6 -1 1 -1 -2
6 -1 1 -1 1 -1 1 -1 1 -1 6 -1 1 -1 6 -1 6 -1 1 -1 1 -1 1 -1 6 -1 6 -1 6 -1 6 -1 6 -1 1 -1 6 -1 1 -1 6 -1 1 -1 4 -1 6 -1 1 -1 6 -1 1 -1 1 -1 -2
1 -1 1 -1 1 -1 1 -1 6 -1 1 -1 6 -1 6 -1 1 -1 1 -1 1 -1 6 -1 6 -1 6 -1 6 -1 6 -1 1 -1 6 -1 1 -1 6 -1 1 -1 4 -1 6 -1 1 -1 6 -1 1 -1 1 -1 1 -1 -2
1 -1 1 -1 1 -1 6 -1 1 -1 6 -1 6 -1 1 -1 1 -1 1 -1 6 -1 6 -1 6 -1 6 -1 6 -1 1 -1 6 -1 1 -1 6 -1 1 -1 4 -1 6 -1 1 -1 6 -1 1 -1 1 -1 1 -1 1 -1 -2
1 -1 1 -1 6 -1 1 -1 6 -1 6 -1 1 -1 1 -1 1 -1 6 -1 6 -1 6 -1 6 -1 6 -1 1 -1 6 -1 1 -1 6 -1 1 -1 4 -1 6 -1 1 -1 6 -1 1 -1 1 -1 1 -1 1 -1 4 -1 -2
1 -1 6 -1 1 -1 6 -1 6 -1 1 -1 1 -1 1 -1 6 -1 6 -1 6 -1 6 -1 6 -1 1 -1 6 -1 1 -1 6 -1 1 -1 4 -1 6 -1 1 -1 6 -1 1 -1 1 -1 1 -1 1 -1 4 -1 4 -1 -2
6 -1 1 -1 6 -1 6 -1 1 -1 1 -1 1 -1 6 -1 6 -1 6 -1 6 -1 6 -1 1 -1 6 -1 1 -1 6 -1 1 -1 4 -1 6 -1 1 -1 6 -1 1 -1 1 -1 1 -1 1 -1 4 -1 4 -1 6 -1 -2
1 -1 6 -1 6 -1 1 -1 1 -1 1 -1 6 -1 6 -1 6 -1 6 -1 6 -1 1 -1 6 -1 1 -1 6 -1 1 -1 4 -1 6 -1 1 -1 6 -1 1 -1 1 -1 1 -1 1 -1 4 -1 4 -1 6 -1 1 -1 -2
6 -1 6 -1 1 -1 1 -1 1 -1 6 -1 6 -1 6 -1 6 -1 6 -1 1 -1 6 -1 1 -1 6 -1 1 -1 4 -1 6 -1 1 -1 6 -1 1 -1 1 -1 1 -1 1 -1 4 -1 4 -1 6 -1 1 -1 1 -1 -2
